{
  "field" : "golden",
  "symmetry" : "icosahedral",
  "orientations" : [ [ 1.0, 0.0, 0.0, 0.0, 0.0, 1.0, 0.0, 0.0, 0.0, 0.0, 1.0, 0.0, 0.0, 0.0, 0.0, 1.0 ], [ 0.0, 0.0, 1.0, 0.0, 1.0, 0.0, 0.0, 0.0, 0.0, 1.0, 0.0, 0.0, 0.0, 0.0, 0.0, 1.0 ], [ 0.0, 1.0, 0.0, 0.0, 0.0, 0.0, 1.0, 0.0, 1.0, 0.0, 0.0, 0.0, 0.0, 0.0, 0.0, 1.0 ], [ 0.809017, 0.309017, 0.5, 0.0, 0.309017, 0.5, -0.809017, 0.0, -0.5, 0.809017, 0.309017, 0.0, 0.0, 0.0, 0.0, 1.0 ], [ -0.5, 0.809017, 0.309017, 0.0, 0.809017, 0.309017, 0.5, 0.0, 0.309017, 0.5, -0.809017, 0.0, 0.0, 0.0, 0.0, 1.0 ], [ 0.309017, 0.5, -0.809017, 0.0, -0.5, 0.809017, 0.309017, 0.0, 0.809017, 0.309017, 0.5, 0.0, 0.0, 0.0, 0.0, 1.0 ], [ 0.5, 0.809017, 0.309017, 0.0, 0.809017, -0.309017, -0.5, 0.0, -0.309017, 0.5, -0.809017, 0.0, 0.0, 0.0, 0.0, 1.0 ], [ -0.309017, 0.5, -0.809017, 0.0, 0.5, 0.809017, 0.309017, 0.0, 0.809017, -0.309017, -0.5, 0.0, 0.0, 0.0, 0.0, 1.0 ], [ 0.809017, -0.309017, -0.5, 0.0, -0.309017, 0.5, -0.809017, 0.0, 0.5, 0.809017, 0.309017, 0.0, 0.0, 0.0, 0.0, 1.0 ], [ 0.5, 0.809017, -0.309017, 0.0, 0.809017, -0.309017, 0.5, 0.0, 0.309017, -0.5, -0.809017, 0.0, 0.0, 0.0, 0.0, 1.0 ], [ 0.309017, -0.5, -0.809017, 0.0, 0.5, 0.809017, -0.309017, 0.0, 0.809017, -0.309017, 0.5, 0.0, 0.0, 0.0, 0.0, 1.0 ], [ 0.809017, -0.309017, 0.5, 0.0, 0.309017, -0.5, -0.809017, 0.0, 0.5, 0.809017, -0.309017, 0.0, 0.0, 0.0, 0.0, 1.0 ], [ 0.809017, 0.309017, -0.5, 0.0, 0.309017, 0.5, 0.809017, 0.0, 0.5, -0.809017, 0.309017, 0.0, 0.0, 0.0, 0.0, 1.0 ], [ 0.5, -0.809017, 0.309017, 0.0, 0.809017, 0.309017, -0.5, 0.0, 0.309017, 0.5, 0.809017, 0.0, 0.0, 0.0, 0.0, 1.0 ], [ 0.309017, 0.5, 0.809017, 0.0, 0.5, -0.809017, 0.309017, 0.0, 0.809017, 0.309017, -0.5, 0.0, 0.0, 0.0, 0.0, 1.0 ], [ 1.0, 0.0, 0.0, 0.0, 0.0, -1.0, 0.0, 0.0, 0.0, 0.0, -1.0, 0.0, 0.0, 0.0, 0.0, 1.0 ], [ 0.0, 0.0, 1.0, 0.0, -1.0, 0.0, 0.0, 0.0, 0.0, -1.0, 0.0, 0.0, 0.0, 0.0, 0.0, 1.0 ], [ 0.0, 1.0, 0.0, 0.0, 0.0, 0.0, -1.0, 0.0, -1.0, 0.0, 0.0, 0.0, 0.0, 0.0, 0.0, 1.0 ], [ 0.809017, 0.309017, 0.5, 0.0, -0.309017, -0.5, 0.809017, 0.0, 0.5, -0.809017, -0.309017, 0.0, 0.0, 0.0, 0.0, 1.0 ], [ -0.5, 0.809017, 0.309017, 0.0, -0.809017, -0.309017, -0.5, 0.0, -0.309017, -0.5, 0.809017, 0.0, 0.0, 0.0, 0.0, 1.0 ], [ 0.309017, 0.5, -0.809017, 0.0, 0.5, -0.809017, -0.309017, 0.0, -0.809017, -0.309017, -0.5, 0.0, 0.0, 0.0, 0.0, 1.0 ], [ 0.5, 0.809017, 0.309017, 0.0, -0.809017, 0.309017, 0.5, 0.0, 0.309017, -0.5, 0.809017, 0.0, 0.0, 0.0, 0.0, 1.0 ], [ -0.309017, 0.5, -0.809017, 0.0, -0.5, -0.809017, -0.309017, 0.0, -0.809017, 0.309017, 0.5, 0.0, 0.0, 0.0, 0.0, 1.0 ], [ 0.809017, -0.309017, -0.5, 0.0, 0.309017, -0.5, 0.809017, 0.0, -0.5, -0.809017, -0.309017, 0.0, 0.0, 0.0, 0.0, 1.0 ], [ 0.5, 0.809017, -0.309017, 0.0, -0.809017, 0.309017, -0.5, 0.0, -0.309017, 0.5, 0.809017, 0.0, 0.0, 0.0, 0.0, 1.0 ], [ 0.309017, -0.5, -0.809017, 0.0, -0.5, -0.809017, 0.309017, 0.0, -0.809017, 0.309017, -0.5, 0.0, 0.0, 0.0, 0.0, 1.0 ], [ 0.809017, -0.309017, 0.5, 0.0, -0.309017, 0.5, 0.809017, 0.0, -0.5, -0.809017, 0.309017, 0.0, 0.0, 0.0, 0.0, 1.0 ], [ 0.809017, 0.309017, -0.5, 0.0, -0.309017, -0.5, -0.809017, 0.0, -0.5, 0.809017, -0.309017, 0.0, 0.0, 0.0, 0.0, 1.0 ], [ 0.5, -0.809017, 0.309017, 0.0, -0.809017, -0.309017, 0.5, 0.0, -0.309017, -0.5, -0.809017, 0.0, 0.0, 0.0, 0.0, 1.0 ], [ 0.309017, 0.5, 0.809017, 0.0, -0.5, 0.809017, -0.309017, 0.0, -0.809017, -0.309017, 0.5, 0.0, 0.0, 0.0, 0.0, 1.0 ], [ -1.0, 0.0, 0.0, 0.0, 0.0, -1.0, 0.0, 0.0, 0.0, 0.0, 1.0, 0.0, 0.0, 0.0, 0.0, 1.0 ], [ 0.0, 0.0, -1.0, 0.0, -1.0, 0.0, 0.0, 0.0, 0.0, 1.0, 0.0, 0.0, 0.0, 0.0, 0.0, 1.0 ], [ 0.0, -1.0, 0.0, 0.0, 0.0, 0.0, -1.0, 0.0, 1.0, 0.0, 0.0, 0.0, 0.0, 0.0, 0.0, 1.0 ], [ -0.809017, -0.309017, -0.5, 0.0, -0.309017, -0.5, 0.809017, 0.0, -0.5, 0.809017, 0.309017, 0.0, 0.0, 0.0, 0.0, 1.0 ], [ 0.5, -0.809017, -0.309017, 0.0, -0.809017, -0.309017, -0.5, 0.0, 0.309017, 0.5, -0.809017, 0.0, 0.0, 0.0, 0.0, 1.0 ], [ -0.309017, -0.5, 0.809017, 0.0, 0.5, -0.809017, -0.309017, 0.0, 0.809017, 0.309017, 0.5, 0.0, 0.0, 0.0, 0.0, 1.0 ], [ -0.5, -0.809017, -0.309017, 0.0, -0.809017, 0.309017, 0.5, 0.0, -0.309017, 0.5, -0.809017, 0.0, 0.0, 0.0, 0.0, 1.0 ], [ 0.309017, -0.5, 0.809017, 0.0, -0.5, -0.809017, -0.309017, 0.0, 0.809017, -0.309017, -0.5, 0.0, 0.0, 0.0, 0.0, 1.0 ], [ -0.809017, 0.309017, 0.5, 0.0, 0.309017, -0.5, 0.809017, 0.0, 0.5, 0.809017, 0.309017, 0.0, 0.0, 0.0, 0.0, 1.0 ], [ -0.5, -0.809017, 0.309017, 0.0, -0.809017, 0.309017, -0.5, 0.0, 0.309017, -0.5, -0.809017, 0.0, 0.0, 0.0, 0.0, 1.0 ], [ -0.309017, 0.5, 0.809017, 0.0, -0.5, -0.809017, 0.309017, 0.0, 0.809017, -0.309017, 0.5, 0.0, 0.0, 0.0, 0.0, 1.0 ], [ -0.809017, 0.309017, -0.5, 0.0, -0.309017, 0.5, 0.809017, 0.0, 0.5, 0.809017, -0.309017, 0.0, 0.0, 0.0, 0.0, 1.0 ], [ -0.809017, -0.309017, 0.5, 0.0, -0.309017, -0.5, -0.809017, 0.0, 0.5, -0.809017, 0.309017, 0.0, 0.0, 0.0, 0.0, 1.0 ], [ -0.5, 0.809017, -0.309017, 0.0, -0.809017, -0.309017, 0.5, 0.0, 0.309017, 0.5, 0.809017, 0.0, 0.0, 0.0, 0.0, 1.0 ], [ -0.309017, -0.5, -0.809017, 0.0, -0.5, 0.809017, -0.309017, 0.0, 0.809017, 0.309017, -0.5, 0.0, 0.0, 0.0, 0.0, 1.0 ], [ -1.0, 0.0, 0.0, 0.0, 0.0, 1.0, 0.0, 0.0, 0.0, 0.0, -1.0, 0.0, 0.0, 0.0, 0.0, 1.0 ], [ 0.0, 0.0, -1.0, 0.0, 1.0, 0.0, 0.0, 0.0, 0.0, -1.0, 0.0, 0.0, 0.0, 0.0, 0.0, 1.0 ], [ 0.0, -1.0, 0.0, 0.0, 0.0, 0.0, 1.0, 0.0, -1.0, 0.0, 0.0, 0.0, 0.0, 0.0, 0.0, 1.0 ], [ -0.809017, -0.309017, -0.5, 0.0, 0.309017, 0.5, -0.809017, 0.0, 0.5, -0.809017, -0.309017, 0.0, 0.0, 0.0, 0.0, 1.0 ], [ 0.5, -0.809017, -0.309017, 0.0, 0.809017, 0.309017, 0.5, 0.0, -0.309017, -0.5, 0.809017, 0.0, 0.0, 0.0, 0.0, 1.0 ], [ -0.309017, -0.5, 0.809017, 0.0, -0.5, 0.809017, 0.309017, 0.0, -0.809017, -0.309017, -0.5, 0.0, 0.0, 0.0, 0.0, 1.0 ], [ -0.5, -0.809017, -0.309017, 0.0, 0.809017, -0.309017, -0.5, 0.0, 0.309017, -0.5, 0.809017, 0.0, 0.0, 0.0, 0.0, 1.0 ], [ 0.309017, -0.5, 0.809017, 0.0, 0.5, 0.809017, 0.309017, 0.0, -0.809017, 0.309017, 0.5, 0.0, 0.0, 0.0, 0.0, 1.0 ], [ -0.809017, 0.309017, 0.5, 0.0, -0.309017, 0.5, -0.809017, 0.0, -0.5, -0.809017, -0.309017, 0.0, 0.0, 0.0, 0.0, 1.0 ], [ -0.5, -0.809017, 0.309017, 0.0, 0.809017, -0.309017, 0.5, 0.0, -0.309017, 0.5, 0.809017, 0.0, 0.0, 0.0, 0.0, 1.0 ], [ -0.309017, 0.5, 0.809017, 0.0, 0.5, 0.809017, -0.309017, 0.0, -0.809017, 0.309017, -0.5, 0.0, 0.0, 0.0, 0.0, 1.0 ], [ -0.809017, 0.309017, -0.5, 0.0, 0.309017, -0.5, -0.809017, 0.0, -0.5, -0.809017, 0.309017, 0.0, 0.0, 0.0, 0.0, 1.0 ], [ -0.809017, -0.309017, 0.5, 0.0, 0.309017, 0.5, 0.809017, 0.0, -0.5, 0.809017, -0.309017, 0.0, 0.0, 0.0, 0.0, 1.0 ], [ -0.5, 0.809017, -0.309017, 0.0, 0.809017, 0.309017, -0.5, 0.0, -0.309017, -0.5, -0.809017, 0.0, 0.0, 0.0, 0.0, 1.0 ], [ -0.309017, -0.5, -0.809017, 0.0, 0.5, -0.809017, 0.309017, 0.0, -0.809017, -0.309017, 0.5, 0.0, 0.0, 0.0, 0.0, 1.0 ] ],
  "lights" : {
    "backgroundColor" : "#333333",
    "ambientColor" : "#292929",
    "directionalLights" : [ {
      "direction" : {
        "x" : 1.0,
        "y" : -1.0,
        "z" : -1.0
      },
      "color" : "#EBEBE4"
    }, {
      "direction" : {
        "x" : -1.0,
        "y" : 0.0,
        "z" : 0.0
      },
      "color" : "#E4E4EB"
    }, {
      "direction" : {
        "x" : 0.0,
        "y" : 0.0,
        "z" : -1.0
      },
      "color" : "#1E1E1E"
    } ]
  },
  "camera" : {
    "lookDirection" : {
      "x" : -0.39217514,
      "y" : 0.8844296,
      "z" : -0.2529487
    },
    "upDirection" : {
      "x" : -0.86113,
      "y" : -0.4496728,
      "z" : -0.23716733
    },
    "lookAtPoint" : {
      "x" : 0.0,
      "y" : -116.137764,
      "z" : 0.0
    },
    "viewDistance" : 1063.0309,
    "nearClipDistance" : 2.6575768,
    "farClipDistance" : 2126.0615,
    "fieldOfView" : 0.44262883,
    "perspective" : true,
    "width" : 478.36386,
    "stereo" : false,
    "position" : {
      "x" : 416.8943,
      "y" : -1056.3137,
      "z" : 268.89227
    }
  },
  "embedding" : [ 1.0, 0.0, 0.0, 0.0, 0.0, 1.0, 0.0, 0.0, 0.0, 0.0, 1.0, 0.0, 0.0, 0.0, 0.0, 1.0 ],
  "shapes" : [ {
    "id" : "6568d938-bca9-4301-a159-da4a5c8d9600",
    "vertices" : [ {
      "x" : 76.01315,
      "y" : -192.15092,
      "z" : -76.01315
    }, {
      "x" : 58.068882,
      "y" : -210.0952,
      "z" : -58.068882
    }, {
      "x" : 58.068882,
      "y" : -221.18536,
      "z" : -29.034441
    }, {
      "x" : 76.01315,
      "y" : -203.24109,
      "z" : -46.978714
    } ],
    "faces" : [ {
      "vertices" : [ 0, 1, 2 ]
    }, {
      "vertices" : [ 0, 2, 3 ]
    }, {
      "vertices" : [ 0, 3, 2 ]
    }, {
      "vertices" : [ 0, 2, 1 ]
    } ]
  }, {
    "id" : "c2300e8d-9f74-4817-ad69-eb9cfe956c8d",
    "vertices" : [ {
      "x" : -69.15905,
      "y" : -221.18536,
      "z" : 0.0
    }, {
      "x" : -40.12461,
      "y" : -232.27553,
      "z" : 0.0
    }, {
      "x" : -29.034441,
      "y" : -232.27553,
      "z" : -29.034441
    }, {
      "x" : -58.068882,
      "y" : -221.18536,
      "z" : -29.034441
    } ],
    "faces" : [ {
      "vertices" : [ 0, 1, 2 ]
    }, {
      "vertices" : [ 0, 2, 3 ]
    }, {
      "vertices" : [ 0, 3, 2 ]
    }, {
      "vertices" : [ 0, 2, 1 ]
    } ]
  }, {
    "id" : "098e5117-c6de-4789-be9f-6769e9e11bfb",
    "vertices" : [ {
      "x" : 0.0,
      "y" : -221.18536,
      "z" : -69.15905
    }, {
      "x" : -29.034441,
      "y" : -221.18536,
      "z" : -58.068882
    }, {
      "x" : -29.034441,
      "y" : -232.27553,
      "z" : -29.034441
    }, {
      "x" : 0.0,
      "y" : -232.27553,
      "z" : -40.12461
    } ],
    "faces" : [ {
      "vertices" : [ 0, 1, 2 ]
    }, {
      "vertices" : [ 0, 2, 3 ]
    }, {
      "vertices" : [ 0, 3, 2 ]
    }, {
      "vertices" : [ 0, 2, 1 ]
    } ]
  }, {
    "id" : "b13a49fe-fb7a-4776-81ec-215f464fd3af",
    "vertices" : [ {
      "x" : -76.01315,
      "y" : -192.15092,
      "z" : 76.01315
    }, {
      "x" : -87.103325,
      "y" : -192.15092,
      "z" : 46.978714
    }, {
      "x" : -105.0476,
      "y" : -174.20665,
      "z" : 29.034441
    }, {
      "x" : -93.95743,
      "y" : -174.20665,
      "z" : 58.068882
    } ],
    "faces" : [ {
      "vertices" : [ 0, 1, 2 ]
    }, {
      "vertices" : [ 0, 2, 3 ]
    }, {
      "vertices" : [ 0, 3, 2 ]
    }, {
      "vertices" : [ 0, 2, 1 ]
    } ]
  }, {
    "id" : "ab37a9ec-308c-4ad7-b854-755b7c962e11",
    "vertices" : [ {
      "x" : -76.01315,
      "y" : -192.15092,
      "z" : 76.01315
    }, {
      "x" : -76.01315,
      "y" : -163.11649,
      "z" : 87.103325
    }, {
      "x" : -58.068882,
      "y" : -145.17221,
      "z" : 105.0476
    }, {
      "x" : -58.068882,
      "y" : -174.20665,
      "z" : 93.95743
    } ],
    "faces" : [ {
      "vertices" : [ 0, 1, 2 ]
    }, {
      "vertices" : [ 0, 2, 3 ]
    }, {
      "vertices" : [ 0, 3, 2 ]
    }, {
      "vertices" : [ 0, 2, 1 ]
    } ]
  }, {
    "id" : "e2bff576-52c0-41bc-b2d7-508c1d907367",
    "vertices" : [ {
      "x" : 0.0,
      "y" : -46.978714,
      "z" : -105.0476
    }, {
      "x" : 29.034441,
      "y" : -58.068882,
      "z" : -105.0476
    }, {
      "x" : 46.978714,
      "y" : -40.12461,
      "z" : -87.103325
    }, {
      "x" : 17.944271,
      "y" : -29.034441,
      "z" : -87.103325
    } ],
    "faces" : [ {
      "vertices" : [ 0, 1, 2 ]
    }, {
      "vertices" : [ 0, 2, 3 ]
    }, {
      "vertices" : [ 0, 3, 2 ]
    }, {
      "vertices" : [ 0, 2, 1 ]
    } ]
  }, {
    "id" : "238c3ce5-73e5-4081-bd91-e90980d6fe1a",
    "vertices" : [ {
      "x" : 17.944271,
      "y" : -29.034441,
      "z" : -87.103325
    }, {
      "x" : 46.978714,
      "y" : -40.12461,
      "z" : -87.103325
    }, {
      "x" : 76.01315,
      "y" : -40.12461,
      "z" : -76.01315
    }, {
      "x" : 46.978714,
      "y" : -29.034441,
      "z" : -76.01315
    } ],
    "faces" : [ {
      "vertices" : [ 0, 1, 2 ]
    }, {
      "vertices" : [ 0, 2, 3 ]
    }, {
      "vertices" : [ 0, 3, 2 ]
    }, {
      "vertices" : [ 0, 2, 1 ]
    } ]
  }, {
    "id" : "9fab5666-3464-4f79-ab47-3cb02a3556ed",
    "vertices" : [ {
      "x" : -17.944271,
      "y" : -29.034441,
      "z" : 87.103325
    }, {
      "x" : -46.978714,
      "y" : -40.12461,
      "z" : 87.103325
    }, {
      "x" : -76.01315,
      "y" : -40.12461,
      "z" : 76.01315
    }, {
      "x" : -46.978714,
      "y" : -29.034441,
      "z" : 76.01315
    } ],
    "faces" : [ {
      "vertices" : [ 0, 1, 2 ]
    }, {
      "vertices" : [ 0, 2, 3 ]
    }, {
      "vertices" : [ 0, 3, 2 ]
    }, {
      "vertices" : [ 0, 2, 1 ]
    } ]
  }, {
    "id" : "a649e5d2-6d0a-489b-a6ae-18265edbaccf",
    "vertices" : [ {
      "x" : 29.034441,
      "y" : -232.27553,
      "z" : -29.034441
    }, {
      "x" : 29.034441,
      "y" : -221.18536,
      "z" : -58.068882
    }, {
      "x" : 0.0,
      "y" : -221.18536,
      "z" : -69.15905
    }, {
      "x" : 0.0,
      "y" : -232.27553,
      "z" : -40.12461
    } ],
    "faces" : [ {
      "vertices" : [ 0, 1, 2 ]
    }, {
      "vertices" : [ 0, 2, 3 ]
    }, {
      "vertices" : [ 0, 3, 2 ]
    }, {
      "vertices" : [ 0, 2, 1 ]
    } ]
  }, {
    "id" : "67e9820a-33dd-48f9-9e69-0392b629883f",
    "vertices" : [ {
      "x" : 0.0,
      "y" : -11.09017,
      "z" : -69.15905
    }, {
      "x" : 29.034441,
      "y" : -11.09017,
      "z" : -58.068882
    }, {
      "x" : 29.034441,
      "y" : 0.0,
      "z" : -29.034441
    }, {
      "x" : 0.0,
      "y" : 0.0,
      "z" : -40.12461
    } ],
    "faces" : [ {
      "vertices" : [ 0, 1, 2 ]
    }, {
      "vertices" : [ 0, 2, 3 ]
    }, {
      "vertices" : [ 0, 3, 2 ]
    }, {
      "vertices" : [ 0, 2, 1 ]
    } ]
  }, {
    "id" : "88af523b-7d56-4a40-8d81-face8e8d655b",
    "vertices" : [ {
      "x" : 116.137764,
      "y" : -145.17221,
      "z" : -29.034441
    }, {
      "x" : 105.0476,
      "y" : -174.20665,
      "z" : -29.034441
    }, {
      "x" : 105.0476,
      "y" : -185.29681,
      "z" : 0.0
    }, {
      "x" : 116.137764,
      "y" : -156.26237,
      "z" : 0.0
    } ],
    "faces" : [ {
      "vertices" : [ 0, 1, 2 ]
    }, {
      "vertices" : [ 0, 2, 3 ]
    }, {
      "vertices" : [ 0, 3, 2 ]
    }, {
      "vertices" : [ 0, 2, 1 ]
    } ]
  }, {
    "id" : "a7684df4-4b90-47da-953f-14150794fded",
    "vertices" : [ {
      "x" : 76.01315,
      "y" : -40.12461,
      "z" : 76.01315
    }, {
      "x" : 76.01315,
      "y" : -69.15905,
      "z" : 87.103325
    }, {
      "x" : 58.068882,
      "y" : -87.103325,
      "z" : 105.0476
    }, {
      "x" : 58.068882,
      "y" : -58.068882,
      "z" : 93.95743
    } ],
    "faces" : [ {
      "vertices" : [ 0, 1, 2 ]
    }, {
      "vertices" : [ 0, 2, 3 ]
    }, {
      "vertices" : [ 0, 3, 2 ]
    }, {
      "vertices" : [ 0, 2, 1 ]
    } ]
  }, {
    "id" : "bf443698-aea9-409f-a5bd-ec0e6e41e408",
    "vertices" : [ {
      "x" : 69.15905,
      "y" : -221.18536,
      "z" : 0.0
    }, {
      "x" : 58.068882,
      "y" : -221.18536,
      "z" : 29.034441
    }, {
      "x" : 76.01315,
      "y" : -203.24109,
      "z" : 46.978714
    }, {
      "x" : 87.103325,
      "y" : -203.24109,
      "z" : 17.944271
    } ],
    "faces" : [ {
      "vertices" : [ 0, 1, 2 ]
    }, {
      "vertices" : [ 0, 2, 3 ]
    }, {
      "vertices" : [ 0, 3, 2 ]
    }, {
      "vertices" : [ 0, 2, 1 ]
    } ]
  }, {
    "id" : "121b3087-6857-4ffc-bc21-2e5a70c001bf",
    "vertices" : [ {
      "x" : 76.01315,
      "y" : -40.12461,
      "z" : 76.01315
    }, {
      "x" : 46.978714,
      "y" : -29.034441,
      "z" : 76.01315
    }, {
      "x" : 29.034441,
      "y" : -11.09017,
      "z" : 58.068882
    }, {
      "x" : 58.068882,
      "y" : -22.18034,
      "z" : 58.068882
    } ],
    "faces" : [ {
      "vertices" : [ 0, 1, 2 ]
    }, {
      "vertices" : [ 0, 2, 3 ]
    }, {
      "vertices" : [ 0, 3, 2 ]
    }, {
      "vertices" : [ 0, 2, 1 ]
    } ]
  }, {
    "id" : "aa919c79-7f53-4d90-8805-222757b9e21d",
    "vertices" : [ {
      "x" : -76.01315,
      "y" : -69.15905,
      "z" : -87.103325
    }, {
      "x" : -87.103325,
      "y" : -98.1935,
      "z" : -87.103325
    }, {
      "x" : -69.15905,
      "y" : -116.137764,
      "z" : -105.0476
    }, {
      "x" : -58.068882,
      "y" : -87.103325,
      "z" : -105.0476
    } ],
    "faces" : [ {
      "vertices" : [ 0, 1, 2 ]
    }, {
      "vertices" : [ 0, 2, 3 ]
    }, {
      "vertices" : [ 0, 3, 2 ]
    }, {
      "vertices" : [ 0, 2, 1 ]
    } ]
  }, {
    "id" : "0458e782-8d1f-4baa-8951-f7259593c377",
    "vertices" : [ {
      "x" : -58.068882,
      "y" : -58.068882,
      "z" : 93.95743
    }, {
      "x" : -58.068882,
      "y" : -87.103325,
      "z" : 105.0476
    }, {
      "x" : -76.01315,
      "y" : -69.15905,
      "z" : 87.103325
    }, {
      "x" : -76.01315,
      "y" : -40.12461,
      "z" : 76.01315
    } ],
    "faces" : [ {
      "vertices" : [ 0, 1, 2 ]
    }, {
      "vertices" : [ 0, 2, 3 ]
    }, {
      "vertices" : [ 0, 3, 2 ]
    }, {
      "vertices" : [ 0, 2, 1 ]
    } ]
  }, {
    "id" : "c8d26dfe-8190-4da4-989d-966a8c279357",
    "vertices" : [ {
      "x" : 29.034441,
      "y" : -174.20665,
      "z" : 105.0476
    }, {
      "x" : 29.034441,
      "y" : -145.17221,
      "z" : 116.137764
    }, {
      "x" : 58.068882,
      "y" : -145.17221,
      "z" : 105.0476
    }, {
      "x" : 58.068882,
      "y" : -174.20665,
      "z" : 93.95743
    } ],
    "faces" : [ {
      "vertices" : [ 0, 1, 2 ]
    }, {
      "vertices" : [ 0, 2, 3 ]
    }, {
      "vertices" : [ 0, 3, 2 ]
    }, {
      "vertices" : [ 0, 2, 1 ]
    } ]
  }, {
    "id" : "499711a0-6f31-4933-86c4-d8d575f064cc",
    "vertices" : [ {
      "x" : -17.944271,
      "y" : -203.24109,
      "z" : 87.103325
    }, {
      "x" : 0.0,
      "y" : -185.29681,
      "z" : 105.0476
    }, {
      "x" : 17.944271,
      "y" : -203.24109,
      "z" : 87.103325
    }, {
      "x" : 0.0,
      "y" : -221.18536,
      "z" : 69.15905
    } ],
    "faces" : [ {
      "vertices" : [ 0, 1, 2 ]
    }, {
      "vertices" : [ 0, 2, 3 ]
    }, {
      "vertices" : [ 0, 3, 2 ]
    }, {
      "vertices" : [ 0, 2, 1 ]
    } ]
  }, {
    "id" : "0232f7f9-3feb-4591-a713-0d436ce85cc7",
    "vertices" : [ {
      "x" : -76.01315,
      "y" : -192.15092,
      "z" : 76.01315
    }, {
      "x" : -46.978714,
      "y" : -192.15092,
      "z" : 87.103325
    }, {
      "x" : -17.944271,
      "y" : -203.24109,
      "z" : 87.103325
    }, {
      "x" : -46.978714,
      "y" : -203.24109,
      "z" : 76.01315
    } ],
    "faces" : [ {
      "vertices" : [ 0, 1, 2 ]
    }, {
      "vertices" : [ 0, 2, 3 ]
    }, {
      "vertices" : [ 0, 3, 2 ]
    }, {
      "vertices" : [ 0, 2, 1 ]
    } ]
  }, {
    "id" : "447e2fcf-4112-4635-86d1-4478a4fb1409",
    "vertices" : [ {
      "x" : -69.15905,
      "y" : -116.137764,
      "z" : 105.0476
    }, {
      "x" : -87.103325,
      "y" : -98.1935,
      "z" : 87.103325
    }, {
      "x" : -76.01315,
      "y" : -69.15905,
      "z" : 87.103325
    }, {
      "x" : -58.068882,
      "y" : -87.103325,
      "z" : 105.0476
    } ],
    "faces" : [ {
      "vertices" : [ 0, 1, 2 ]
    }, {
      "vertices" : [ 0, 2, 3 ]
    }, {
      "vertices" : [ 0, 3, 2 ]
    }, {
      "vertices" : [ 0, 2, 1 ]
    } ]
  }, {
    "id" : "74a5728e-a59e-4cde-8669-6705064851bb",
    "vertices" : [ {
      "x" : -69.15905,
      "y" : -116.137764,
      "z" : -105.0476
    }, {
      "x" : -58.068882,
      "y" : -145.17221,
      "z" : -105.0476
    }, {
      "x" : -29.034441,
      "y" : -145.17221,
      "z" : -116.137764
    }, {
      "x" : -40.12461,
      "y" : -116.137764,
      "z" : -116.137764
    } ],
    "faces" : [ {
      "vertices" : [ 0, 1, 2 ]
    }, {
      "vertices" : [ 0, 2, 3 ]
    }, {
      "vertices" : [ 0, 3, 2 ]
    }, {
      "vertices" : [ 0, 2, 1 ]
    } ]
  }, {
    "id" : "85ce3046-f24a-4965-b692-9bc8e0274293",
    "vertices" : [ {
      "x" : 29.034441,
      "y" : -58.068882,
      "z" : -105.0476
    }, {
      "x" : 58.068882,
      "y" : -58.068882,
      "z" : -93.95743
    }, {
      "x" : 76.01315,
      "y" : -40.12461,
      "z" : -76.01315
    }, {
      "x" : 46.978714,
      "y" : -40.12461,
      "z" : -87.103325
    } ],
    "faces" : [ {
      "vertices" : [ 0, 1, 2 ]
    }, {
      "vertices" : [ 0, 2, 3 ]
    }, {
      "vertices" : [ 0, 3, 2 ]
    }, {
      "vertices" : [ 0, 2, 1 ]
    } ]
  }, {
    "id" : "ee0cbe58-0b31-41f6-b24b-d6666cbf675a",
    "vertices" : [ {
      "x" : 105.0476,
      "y" : -87.103325,
      "z" : -58.068882
    }, {
      "x" : 116.137764,
      "y" : -87.103325,
      "z" : -29.034441
    }, {
      "x" : 105.0476,
      "y" : -58.068882,
      "z" : -29.034441
    }, {
      "x" : 93.95743,
      "y" : -58.068882,
      "z" : -58.068882
    } ],
    "faces" : [ {
      "vertices" : [ 0, 1, 2 ]
    }, {
      "vertices" : [ 0, 2, 3 ]
    }, {
      "vertices" : [ 0, 3, 2 ]
    }, {
      "vertices" : [ 0, 2, 1 ]
    } ]
  }, {
    "id" : "374a8629-50fd-4d49-b328-c47facd98c6e",
    "vertices" : [ {
      "x" : -76.01315,
      "y" : -192.15092,
      "z" : 76.01315
    }, {
      "x" : -76.01315,
      "y" : -203.24109,
      "z" : 46.978714
    }, {
      "x" : -87.103325,
      "y" : -203.24109,
      "z" : 17.944271
    }, {
      "x" : -87.103325,
      "y" : -192.15092,
      "z" : 46.978714
    } ],
    "faces" : [ {
      "vertices" : [ 0, 1, 2 ]
    }, {
      "vertices" : [ 0, 2, 3 ]
    }, {
      "vertices" : [ 0, 3, 2 ]
    }, {
      "vertices" : [ 0, 2, 1 ]
    } ]
  }, {
    "id" : "bd9b857d-03ee-43aa-98b1-3c3f79174ac9",
    "vertices" : [ {
      "x" : 69.15905,
      "y" : -11.09017,
      "z" : 0.0
    }, {
      "x" : 58.068882,
      "y" : -11.09017,
      "z" : -29.034441
    }, {
      "x" : 76.01315,
      "y" : -29.034441,
      "z" : -46.978714
    }, {
      "x" : 87.103325,
      "y" : -29.034441,
      "z" : -17.944271
    } ],
    "faces" : [ {
      "vertices" : [ 0, 1, 2 ]
    }, {
      "vertices" : [ 0, 2, 3 ]
    }, {
      "vertices" : [ 0, 3, 2 ]
    }, {
      "vertices" : [ 0, 2, 1 ]
    } ]
  }, {
    "id" : "e2c291af-0804-41b1-90cf-d9414eae0480",
    "vertices" : [ {
      "x" : 76.01315,
      "y" : -163.11649,
      "z" : -87.103325
    }, {
      "x" : 87.103325,
      "y" : -134.08205,
      "z" : -87.103325
    }, {
      "x" : 69.15905,
      "y" : -116.137764,
      "z" : -105.0476
    }, {
      "x" : 58.068882,
      "y" : -145.17221,
      "z" : -105.0476
    } ],
    "faces" : [ {
      "vertices" : [ 0, 1, 2 ]
    }, {
      "vertices" : [ 0, 2, 3 ]
    }, {
      "vertices" : [ 0, 3, 2 ]
    }, {
      "vertices" : [ 0, 2, 1 ]
    } ]
  }, {
    "id" : "93753c75-7968-4f6d-96d5-8df0dc24d40c",
    "vertices" : [ {
      "x" : 29.034441,
      "y" : -145.17221,
      "z" : -116.137764
    }, {
      "x" : 58.068882,
      "y" : -145.17221,
      "z" : -105.0476
    }, {
      "x" : 69.15905,
      "y" : -116.137764,
      "z" : -105.0476
    }, {
      "x" : 40.12461,
      "y" : -116.137764,
      "z" : -116.137764
    } ],
    "faces" : [ {
      "vertices" : [ 0, 1, 2 ]
    }, {
      "vertices" : [ 0, 2, 3 ]
    }, {
      "vertices" : [ 0, 3, 2 ]
    }, {
      "vertices" : [ 0, 2, 1 ]
    } ]
  }, {
    "id" : "0f5bdc18-40a4-4c9f-82fb-7f059431e61c",
    "vertices" : [ {
      "x" : -105.0476,
      "y" : -185.29681,
      "z" : 0.0
    }, {
      "x" : -87.103325,
      "y" : -203.24109,
      "z" : -17.944271
    }, {
      "x" : -87.103325,
      "y" : -192.15092,
      "z" : -46.978714
    }, {
      "x" : -105.0476,
      "y" : -174.20665,
      "z" : -29.034441
    } ],
    "faces" : [ {
      "vertices" : [ 0, 1, 2 ]
    }, {
      "vertices" : [ 0, 2, 3 ]
    }, {
      "vertices" : [ 0, 3, 2 ]
    }, {
      "vertices" : [ 0, 2, 1 ]
    } ]
  }, {
    "id" : "3bd25267-6e3d-499a-9cb3-783d938fb063",
    "vertices" : [ {
      "x" : -93.95743,
      "y" : -58.068882,
      "z" : -58.068882
    }, {
      "x" : -105.0476,
      "y" : -58.068882,
      "z" : -29.034441
    }, {
      "x" : -116.137764,
      "y" : -87.103325,
      "z" : -29.034441
    }, {
      "x" : -105.0476,
      "y" : -87.103325,
      "z" : -58.068882
    } ],
    "faces" : [ {
      "vertices" : [ 0, 1, 2 ]
    }, {
      "vertices" : [ 0, 2, 3 ]
    }, {
      "vertices" : [ 0, 3, 2 ]
    }, {
      "vertices" : [ 0, 2, 1 ]
    } ]
  }, {
    "id" : "63729710-45c8-4820-a665-a5873a7c0653",
    "vertices" : [ {
      "x" : 58.068882,
      "y" : -22.18034,
      "z" : 58.068882
    }, {
      "x" : 29.034441,
      "y" : -11.09017,
      "z" : 58.068882
    }, {
      "x" : 29.034441,
      "y" : 0.0,
      "z" : 29.034441
    }, {
      "x" : 58.068882,
      "y" : -11.09017,
      "z" : 29.034441
    } ],
    "faces" : [ {
      "vertices" : [ 0, 1, 2 ]
    }, {
      "vertices" : [ 0, 2, 3 ]
    }, {
      "vertices" : [ 0, 3, 2 ]
    }, {
      "vertices" : [ 0, 2, 1 ]
    } ]
  }, {
    "id" : "6c3eaff7-eeb5-4c24-81ec-a304a5a22749",
    "vertices" : [ {
      "x" : -93.95743,
      "y" : -174.20665,
      "z" : 58.068882
    }, {
      "x" : -105.0476,
      "y" : -174.20665,
      "z" : 29.034441
    }, {
      "x" : -116.137764,
      "y" : -145.17221,
      "z" : 29.034441
    }, {
      "x" : -105.0476,
      "y" : -145.17221,
      "z" : 58.068882
    } ],
    "faces" : [ {
      "vertices" : [ 0, 1, 2 ]
    }, {
      "vertices" : [ 0, 2, 3 ]
    }, {
      "vertices" : [ 0, 3, 2 ]
    }, {
      "vertices" : [ 0, 2, 1 ]
    } ]
  }, {
    "id" : "22e3f1fd-e7c4-451a-8786-8d7c863ffa7a",
    "vertices" : [ {
      "x" : 76.01315,
      "y" : -40.12461,
      "z" : 76.01315
    }, {
      "x" : 87.103325,
      "y" : -69.15905,
      "z" : 76.01315
    }, {
      "x" : 87.103325,
      "y" : -98.1935,
      "z" : 87.103325
    }, {
      "x" : 76.01315,
      "y" : -69.15905,
      "z" : 87.103325
    } ],
    "faces" : [ {
      "vertices" : [ 0, 1, 2 ]
    }, {
      "vertices" : [ 0, 2, 3 ]
    }, {
      "vertices" : [ 0, 3, 2 ]
    }, {
      "vertices" : [ 0, 2, 1 ]
    } ]
  }, {
    "id" : "72b64e66-3312-4b86-b7df-53f1eba24439",
    "vertices" : [ {
      "x" : 76.01315,
      "y" : -40.12461,
      "z" : 76.01315
    }, {
      "x" : 58.068882,
      "y" : -58.068882,
      "z" : 93.95743
    }, {
      "x" : 29.034441,
      "y" : -58.068882,
      "z" : 105.0476
    }, {
      "x" : 46.978714,
      "y" : -40.12461,
      "z" : 87.103325
    } ],
    "faces" : [ {
      "vertices" : [ 0, 1, 2 ]
    }, {
      "vertices" : [ 0, 2, 3 ]
    }, {
      "vertices" : [ 0, 3, 2 ]
    }, {
      "vertices" : [ 0, 2, 1 ]
    } ]
  }, {
    "id" : "4a643009-efa0-4c2a-81e7-6f6f37281819",
    "vertices" : [ {
      "x" : -116.137764,
      "y" : -87.103325,
      "z" : -29.034441
    }, {
      "x" : -105.0476,
      "y" : -58.068882,
      "z" : -29.034441
    }, {
      "x" : -105.0476,
      "y" : -46.978714,
      "z" : 0.0
    }, {
      "x" : -116.137764,
      "y" : -76.01315,
      "z" : 0.0
    } ],
    "faces" : [ {
      "vertices" : [ 0, 1, 2 ]
    }, {
      "vertices" : [ 0, 2, 3 ]
    }, {
      "vertices" : [ 0, 3, 2 ]
    }, {
      "vertices" : [ 0, 2, 1 ]
    } ]
  }, {
    "id" : "a25c02f2-74bc-46f6-8f11-fc957b13b033",
    "vertices" : [ {
      "x" : -29.034441,
      "y" : -58.068882,
      "z" : 105.0476
    }, {
      "x" : -29.034441,
      "y" : -87.103325,
      "z" : 116.137764
    }, {
      "x" : -58.068882,
      "y" : -87.103325,
      "z" : 105.0476
    }, {
      "x" : -58.068882,
      "y" : -58.068882,
      "z" : 93.95743
    } ],
    "faces" : [ {
      "vertices" : [ 0, 1, 2 ]
    }, {
      "vertices" : [ 0, 2, 3 ]
    }, {
      "vertices" : [ 0, 3, 2 ]
    }, {
      "vertices" : [ 0, 2, 1 ]
    } ]
  }, {
    "id" : "8e282050-52ef-411e-a746-e71c78ae170e",
    "vertices" : [ {
      "x" : -29.034441,
      "y" : -174.20665,
      "z" : -105.0476
    }, {
      "x" : -29.034441,
      "y" : -145.17221,
      "z" : -116.137764
    }, {
      "x" : -58.068882,
      "y" : -145.17221,
      "z" : -105.0476
    }, {
      "x" : -58.068882,
      "y" : -174.20665,
      "z" : -93.95743
    } ],
    "faces" : [ {
      "vertices" : [ 0, 1, 2 ]
    }, {
      "vertices" : [ 0, 2, 3 ]
    }, {
      "vertices" : [ 0, 3, 2 ]
    }, {
      "vertices" : [ 0, 2, 1 ]
    } ]
  }, {
    "id" : "2dec351a-dfc5-437e-b6a0-6d072126ef49",
    "vertices" : [ {
      "x" : -69.15905,
      "y" : -116.137764,
      "z" : -105.0476
    }, {
      "x" : -87.103325,
      "y" : -134.08205,
      "z" : -87.103325
    }, {
      "x" : -76.01315,
      "y" : -163.11649,
      "z" : -87.103325
    }, {
      "x" : -58.068882,
      "y" : -145.17221,
      "z" : -105.0476
    } ],
    "faces" : [ {
      "vertices" : [ 0, 1, 2 ]
    }, {
      "vertices" : [ 0, 2, 3 ]
    }, {
      "vertices" : [ 0, 3, 2 ]
    }, {
      "vertices" : [ 0, 2, 1 ]
    } ]
  }, {
    "id" : "62610df3-6cb3-4ff7-a322-c61f78bad1a1",
    "vertices" : [ {
      "x" : -87.103325,
      "y" : -98.1935,
      "z" : -87.103325
    }, {
      "x" : -105.0476,
      "y" : -116.137764,
      "z" : -69.15905
    }, {
      "x" : -87.103325,
      "y" : -134.08205,
      "z" : -87.103325
    }, {
      "x" : -69.15905,
      "y" : -116.137764,
      "z" : -105.0476
    } ],
    "faces" : [ {
      "vertices" : [ 0, 1, 2 ]
    }, {
      "vertices" : [ 0, 2, 3 ]
    }, {
      "vertices" : [ 0, 3, 2 ]
    }, {
      "vertices" : [ 0, 2, 1 ]
    } ]
  }, {
    "id" : "49401636-bef7-4255-bf90-1a4fc7a51625",
    "vertices" : [ {
      "x" : 105.0476,
      "y" : -185.29681,
      "z" : 0.0
    }, {
      "x" : 105.0476,
      "y" : -174.20665,
      "z" : 29.034441
    }, {
      "x" : 116.137764,
      "y" : -145.17221,
      "z" : 29.034441
    }, {
      "x" : 116.137764,
      "y" : -156.26237,
      "z" : 0.0
    } ],
    "faces" : [ {
      "vertices" : [ 0, 1, 2 ]
    }, {
      "vertices" : [ 0, 2, 3 ]
    }, {
      "vertices" : [ 0, 3, 2 ]
    }, {
      "vertices" : [ 0, 2, 1 ]
    } ]
  }, {
    "id" : "b954683f-ab01-42ea-a23a-5f51c1a0aa49",
    "vertices" : [ {
      "x" : -76.01315,
      "y" : -192.15092,
      "z" : 76.01315
    }, {
      "x" : -58.068882,
      "y" : -210.0952,
      "z" : 58.068882
    }, {
      "x" : -58.068882,
      "y" : -221.18536,
      "z" : 29.034441
    }, {
      "x" : -76.01315,
      "y" : -203.24109,
      "z" : 46.978714
    } ],
    "faces" : [ {
      "vertices" : [ 0, 1, 2 ]
    }, {
      "vertices" : [ 0, 2, 3 ]
    }, {
      "vertices" : [ 0, 3, 2 ]
    }, {
      "vertices" : [ 0, 2, 1 ]
    } ]
  }, {
    "id" : "6e92c19d-7180-4fe4-adcb-c8dc51c5af26",
    "vertices" : [ {
      "x" : 0.0,
      "y" : -185.29681,
      "z" : -105.0476
    }, {
      "x" : 0.0,
      "y" : -156.26237,
      "z" : -116.137764
    }, {
      "x" : -29.034441,
      "y" : -145.17221,
      "z" : -116.137764
    }, {
      "x" : -29.034441,
      "y" : -174.20665,
      "z" : -105.0476
    } ],
    "faces" : [ {
      "vertices" : [ 0, 1, 2 ]
    }, {
      "vertices" : [ 0, 2, 3 ]
    }, {
      "vertices" : [ 0, 3, 2 ]
    }, {
      "vertices" : [ 0, 2, 1 ]
    } ]
  }, {
    "id" : "d8989074-793d-4251-bb2f-a0822795af06",
    "vertices" : [ {
      "x" : -17.944271,
      "y" : -203.24109,
      "z" : -87.103325
    }, {
      "x" : -46.978714,
      "y" : -192.15092,
      "z" : -87.103325
    }, {
      "x" : -76.01315,
      "y" : -192.15092,
      "z" : -76.01315
    }, {
      "x" : -46.978714,
      "y" : -203.24109,
      "z" : -76.01315
    } ],
    "faces" : [ {
      "vertices" : [ 0, 1, 2 ]
    }, {
      "vertices" : [ 0, 2, 3 ]
    }, {
      "vertices" : [ 0, 3, 2 ]
    }, {
      "vertices" : [ 0, 2, 1 ]
    } ]
  }, {
    "id" : "8b118ed5-7543-41c2-99c5-ecd1884bf965",
    "vertices" : [ {
      "x" : -93.95743,
      "y" : -58.068882,
      "z" : 58.068882
    }, {
      "x" : -105.0476,
      "y" : -58.068882,
      "z" : 29.034441
    }, {
      "x" : -87.103325,
      "y" : -40.12461,
      "z" : 46.978714
    }, {
      "x" : -76.01315,
      "y" : -40.12461,
      "z" : 76.01315
    } ],
    "faces" : [ {
      "vertices" : [ 0, 1, 2 ]
    }, {
      "vertices" : [ 0, 2, 3 ]
    }, {
      "vertices" : [ 0, 3, 2 ]
    }, {
      "vertices" : [ 0, 2, 1 ]
    } ]
  }, {
    "id" : "07c7ceb3-825e-4cab-92ee-cccf5cea10af",
    "vertices" : [ {
      "x" : 58.068882,
      "y" : -174.20665,
      "z" : 93.95743
    }, {
      "x" : 58.068882,
      "y" : -145.17221,
      "z" : 105.0476
    }, {
      "x" : 76.01315,
      "y" : -163.11649,
      "z" : 87.103325
    }, {
      "x" : 76.01315,
      "y" : -192.15092,
      "z" : 76.01315
    } ],
    "faces" : [ {
      "vertices" : [ 0, 1, 2 ]
    }, {
      "vertices" : [ 0, 2, 3 ]
    }, {
      "vertices" : [ 0, 3, 2 ]
    }, {
      "vertices" : [ 0, 2, 1 ]
    } ]
  }, {
    "id" : "96e08d73-72fb-4ab0-b5f0-58c28ffa2d33",
    "vertices" : [ {
      "x" : 76.01315,
      "y" : -29.034441,
      "z" : 46.978714
    }, {
      "x" : 58.068882,
      "y" : -11.09017,
      "z" : 29.034441
    }, {
      "x" : 69.15905,
      "y" : -11.09017,
      "z" : 0.0
    }, {
      "x" : 87.103325,
      "y" : -29.034441,
      "z" : 17.944271
    } ],
    "faces" : [ {
      "vertices" : [ 0, 1, 2 ]
    }, {
      "vertices" : [ 0, 2, 3 ]
    }, {
      "vertices" : [ 0, 3, 2 ]
    }, {
      "vertices" : [ 0, 2, 1 ]
    } ]
  }, {
    "id" : "9bec0236-9485-481b-9ca5-5de7492202ab",
    "vertices" : [ {
      "x" : -116.137764,
      "y" : -116.137764,
      "z" : 40.12461
    }, {
      "x" : -116.137764,
      "y" : -145.17221,
      "z" : 29.034441
    }, {
      "x" : -116.137764,
      "y" : -156.26237,
      "z" : 0.0
    }, {
      "x" : -116.137764,
      "y" : -145.17221,
      "z" : -29.034441
    }, {
      "x" : -116.137764,
      "y" : -116.137764,
      "z" : -40.12461
    }, {
      "x" : -116.137764,
      "y" : -87.103325,
      "z" : -29.034441
    }, {
      "x" : -116.137764,
      "y" : -76.01315,
      "z" : 0.0
    }, {
      "x" : -116.137764,
      "y" : -87.103325,
      "z" : 29.034441
    } ],
    "faces" : [ {
      "vertices" : [ 0, 1, 2 ]
    }, {
      "vertices" : [ 0, 2, 3 ]
    }, {
      "vertices" : [ 0, 3, 4 ]
    }, {
      "vertices" : [ 0, 4, 5 ]
    }, {
      "vertices" : [ 0, 5, 6 ]
    }, {
      "vertices" : [ 0, 6, 7 ]
    }, {
      "vertices" : [ 0, 7, 6 ]
    }, {
      "vertices" : [ 0, 6, 5 ]
    }, {
      "vertices" : [ 0, 5, 4 ]
    }, {
      "vertices" : [ 0, 4, 3 ]
    }, {
      "vertices" : [ 0, 3, 2 ]
    }, {
      "vertices" : [ 0, 2, 1 ]
    } ]
  }, {
    "id" : "bac313ad-4484-46d6-95ba-a9921be852a4",
    "vertices" : [ {
      "x" : 58.068882,
      "y" : -58.068882,
      "z" : 93.95743
    }, {
      "x" : 58.068882,
      "y" : -87.103325,
      "z" : 105.0476
    }, {
      "x" : 29.034441,
      "y" : -87.103325,
      "z" : 116.137764
    }, {
      "x" : 29.034441,
      "y" : -58.068882,
      "z" : 105.0476
    } ],
    "faces" : [ {
      "vertices" : [ 0, 1, 2 ]
    }, {
      "vertices" : [ 0, 2, 3 ]
    }, {
      "vertices" : [ 0, 3, 2 ]
    }, {
      "vertices" : [ 0, 2, 1 ]
    } ]
  }, {
    "id" : "d3f9a377-e9cf-4eff-894b-101c8801effd",
    "vertices" : [ {
      "x" : -69.15905,
      "y" : -116.137764,
      "z" : 105.0476
    }, {
      "x" : -58.068882,
      "y" : -87.103325,
      "z" : 105.0476
    }, {
      "x" : -29.034441,
      "y" : -87.103325,
      "z" : 116.137764
    }, {
      "x" : -40.12461,
      "y" : -116.137764,
      "z" : 116.137764
    } ],
    "faces" : [ {
      "vertices" : [ 0, 1, 2 ]
    }, {
      "vertices" : [ 0, 2, 3 ]
    }, {
      "vertices" : [ 0, 3, 2 ]
    }, {
      "vertices" : [ 0, 2, 1 ]
    } ]
  }, {
    "id" : "643ddff1-a5d5-4d60-9d07-b6f279d69124",
    "vertices" : [ {
      "x" : 76.01315,
      "y" : -40.12461,
      "z" : 76.01315
    }, {
      "x" : 46.978714,
      "y" : -40.12461,
      "z" : 87.103325
    }, {
      "x" : 17.944271,
      "y" : -29.034441,
      "z" : 87.103325
    }, {
      "x" : 46.978714,
      "y" : -29.034441,
      "z" : 76.01315
    } ],
    "faces" : [ {
      "vertices" : [ 0, 1, 2 ]
    }, {
      "vertices" : [ 0, 2, 3 ]
    }, {
      "vertices" : [ 0, 3, 2 ]
    }, {
      "vertices" : [ 0, 2, 1 ]
    } ]
  }, {
    "id" : "0ae79371-d039-419b-8412-628f6c72f7f8",
    "vertices" : [ {
      "x" : -29.034441,
      "y" : -232.27553,
      "z" : 29.034441
    }, {
      "x" : -29.034441,
      "y" : -221.18536,
      "z" : 58.068882
    }, {
      "x" : 0.0,
      "y" : -221.18536,
      "z" : 69.15905
    }, {
      "x" : 0.0,
      "y" : -232.27553,
      "z" : 40.12461
    } ],
    "faces" : [ {
      "vertices" : [ 0, 1, 2 ]
    }, {
      "vertices" : [ 0, 2, 3 ]
    }, {
      "vertices" : [ 0, 3, 2 ]
    }, {
      "vertices" : [ 0, 2, 1 ]
    } ]
  }, {
    "id" : "c1e5a3f0-de7d-4250-97bd-df23a1a1fe01",
    "vertices" : [ {
      "x" : 69.15905,
      "y" : -116.137764,
      "z" : 105.0476
    }, {
      "x" : 87.103325,
      "y" : -134.08205,
      "z" : 87.103325
    }, {
      "x" : 76.01315,
      "y" : -163.11649,
      "z" : 87.103325
    }, {
      "x" : 58.068882,
      "y" : -145.17221,
      "z" : 105.0476
    } ],
    "faces" : [ {
      "vertices" : [ 0, 1, 2 ]
    }, {
      "vertices" : [ 0, 2, 3 ]
    }, {
      "vertices" : [ 0, 3, 2 ]
    }, {
      "vertices" : [ 0, 2, 1 ]
    } ]
  }, {
    "id" : "a0df64bc-ff60-4a4b-849c-cf644573070a",
    "vertices" : [ {
      "x" : -116.137764,
      "y" : -145.17221,
      "z" : 29.034441
    }, {
      "x" : -105.0476,
      "y" : -174.20665,
      "z" : 29.034441
    }, {
      "x" : -105.0476,
      "y" : -185.29681,
      "z" : 0.0
    }, {
      "x" : -116.137764,
      "y" : -156.26237,
      "z" : 0.0
    } ],
    "faces" : [ {
      "vertices" : [ 0, 1, 2 ]
    }, {
      "vertices" : [ 0, 2, 3 ]
    }, {
      "vertices" : [ 0, 3, 2 ]
    }, {
      "vertices" : [ 0, 2, 1 ]
    } ]
  }, {
    "id" : "47bbfc36-fb44-4608-85d1-7ee4b31bbb50",
    "vertices" : [ {
      "x" : -87.103325,
      "y" : -203.24109,
      "z" : -17.944271
    }, {
      "x" : -76.01315,
      "y" : -203.24109,
      "z" : -46.978714
    }, {
      "x" : -76.01315,
      "y" : -192.15092,
      "z" : -76.01315
    }, {
      "x" : -87.103325,
      "y" : -192.15092,
      "z" : -46.978714
    } ],
    "faces" : [ {
      "vertices" : [ 0, 1, 2 ]
    }, {
      "vertices" : [ 0, 2, 3 ]
    }, {
      "vertices" : [ 0, 3, 2 ]
    }, {
      "vertices" : [ 0, 2, 1 ]
    } ]
  }, {
    "id" : "3af1d666-e0b4-4716-bf39-229ffda8c23a",
    "vertices" : [ {
      "x" : -58.068882,
      "y" : -221.18536,
      "z" : -29.034441
    }, {
      "x" : -29.034441,
      "y" : -232.27553,
      "z" : -29.034441
    }, {
      "x" : -29.034441,
      "y" : -221.18536,
      "z" : -58.068882
    }, {
      "x" : -58.068882,
      "y" : -210.0952,
      "z" : -58.068882
    } ],
    "faces" : [ {
      "vertices" : [ 0, 1, 2 ]
    }, {
      "vertices" : [ 0, 2, 3 ]
    }, {
      "vertices" : [ 0, 3, 2 ]
    }, {
      "vertices" : [ 0, 2, 1 ]
    } ]
  }, {
    "id" : "e47ef8e3-5624-4293-a836-e87acf68d7f2",
    "vertices" : [ {
      "x" : -87.103325,
      "y" : -203.24109,
      "z" : 17.944271
    }, {
      "x" : -69.15905,
      "y" : -221.18536,
      "z" : 0.0
    }, {
      "x" : -87.103325,
      "y" : -203.24109,
      "z" : -17.944271
    }, {
      "x" : -105.0476,
      "y" : -185.29681,
      "z" : 0.0
    } ],
    "faces" : [ {
      "vertices" : [ 0, 1, 2 ]
    }, {
      "vertices" : [ 0, 2, 3 ]
    }, {
      "vertices" : [ 0, 3, 2 ]
    }, {
      "vertices" : [ 0, 2, 1 ]
    } ]
  }, {
    "id" : "e64ec0fb-0a50-4d2b-aafb-300756dbac98",
    "vertices" : [ {
      "x" : -29.034441,
      "y" : -87.103325,
      "z" : -116.137764
    }, {
      "x" : -58.068882,
      "y" : -87.103325,
      "z" : -105.0476
    }, {
      "x" : -69.15905,
      "y" : -116.137764,
