{
  "field" : "golden",
  "symmetry" : "icosahedral",
  "orientations" : [ [ 1.0, 0.0, 0.0, 0.0, 0.0, 1.0, 0.0, 0.0, 0.0, 0.0, 1.0, 0.0, 0.0, 0.0, 0.0, 1.0 ], [ 0.0, 0.0, 1.0, 0.0, 1.0, 0.0, 0.0, 0.0, 0.0, 1.0, 0.0, 0.0, 0.0, 0.0, 0.0, 1.0 ], [ 0.0, 1.0, 0.0, 0.0, 0.0, 0.0, 1.0, 0.0, 1.0, 0.0, 0.0, 0.0, 0.0, 0.0, 0.0, 1.0 ], [ 0.809017, 0.309017, 0.5, 0.0, 0.309017, 0.5, -0.809017, 0.0, -0.5, 0.809017, 0.309017, 0.0, 0.0, 0.0, 0.0, 1.0 ], [ -0.5, 0.809017, 0.309017, 0.0, 0.809017, 0.309017, 0.5, 0.0, 0.309017, 0.5, -0.809017, 0.0, 0.0, 0.0, 0.0, 1.0 ], [ 0.309017, 0.5, -0.809017, 0.0, -0.5, 0.809017, 0.309017, 0.0, 0.809017, 0.309017, 0.5, 0.0, 0.0, 0.0, 0.0, 1.0 ], [ 0.5, 0.809017, 0.309017, 0.0, 0.809017, -0.309017, -0.5, 0.0, -0.309017, 0.5, -0.809017, 0.0, 0.0, 0.0, 0.0, 1.0 ], [ -0.309017, 0.5, -0.809017, 0.0, 0.5, 0.809017, 0.309017, 0.0, 0.809017, -0.309017, -0.5, 0.0, 0.0, 0.0, 0.0, 1.0 ], [ 0.809017, -0.309017, -0.5, 0.0, -0.309017, 0.5, -0.809017, 0.0, 0.5, 0.809017, 0.309017, 0.0, 0.0, 0.0, 0.0, 1.0 ], [ 0.5, 0.809017, -0.309017, 0.0, 0.809017, -0.309017, 0.5, 0.0, 0.309017, -0.5, -0.809017, 0.0, 0.0, 0.0, 0.0, 1.0 ], [ 0.309017, -0.5, -0.809017, 0.0, 0.5, 0.809017, -0.309017, 0.0, 0.809017, -0.309017, 0.5, 0.0, 0.0, 0.0, 0.0, 1.0 ], [ 0.809017, -0.309017, 0.5, 0.0, 0.309017, -0.5, -0.809017, 0.0, 0.5, 0.809017, -0.309017, 0.0, 0.0, 0.0, 0.0, 1.0 ], [ 0.809017, 0.309017, -0.5, 0.0, 0.309017, 0.5, 0.809017, 0.0, 0.5, -0.809017, 0.309017, 0.0, 0.0, 0.0, 0.0, 1.0 ], [ 0.5, -0.809017, 0.309017, 0.0, 0.809017, 0.309017, -0.5, 0.0, 0.309017, 0.5, 0.809017, 0.0, 0.0, 0.0, 0.0, 1.0 ], [ 0.309017, 0.5, 0.809017, 0.0, 0.5, -0.809017, 0.309017, 0.0, 0.809017, 0.309017, -0.5, 0.0, 0.0, 0.0, 0.0, 1.0 ], [ 1.0, 0.0, 0.0, 0.0, 0.0, -1.0, 0.0, 0.0, 0.0, 0.0, -1.0, 0.0, 0.0, 0.0, 0.0, 1.0 ], [ 0.0, 0.0, 1.0, 0.0, -1.0, 0.0, 0.0, 0.0, 0.0, -1.0, 0.0, 0.0, 0.0, 0.0, 0.0, 1.0 ], [ 0.0, 1.0, 0.0, 0.0, 0.0, 0.0, -1.0, 0.0, -1.0, 0.0, 0.0, 0.0, 0.0, 0.0, 0.0, 1.0 ], [ 0.809017, 0.309017, 0.5, 0.0, -0.309017, -0.5, 0.809017, 0.0, 0.5, -0.809017, -0.309017, 0.0, 0.0, 0.0, 0.0, 1.0 ], [ -0.5, 0.809017, 0.309017, 0.0, -0.809017, -0.309017, -0.5, 0.0, -0.309017, -0.5, 0.809017, 0.0, 0.0, 0.0, 0.0, 1.0 ], [ 0.309017, 0.5, -0.809017, 0.0, 0.5, -0.809017, -0.309017, 0.0, -0.809017, -0.309017, -0.5, 0.0, 0.0, 0.0, 0.0, 1.0 ], [ 0.5, 0.809017, 0.309017, 0.0, -0.809017, 0.309017, 0.5, 0.0, 0.309017, -0.5, 0.809017, 0.0, 0.0, 0.0, 0.0, 1.0 ], [ -0.309017, 0.5, -0.809017, 0.0, -0.5, -0.809017, -0.309017, 0.0, -0.809017, 0.309017, 0.5, 0.0, 0.0, 0.0, 0.0, 1.0 ], [ 0.809017, -0.309017, -0.5, 0.0, 0.309017, -0.5, 0.809017, 0.0, -0.5, -0.809017, -0.309017, 0.0, 0.0, 0.0, 0.0, 1.0 ], [ 0.5, 0.809017, -0.309017, 0.0, -0.809017, 0.309017, -0.5, 0.0, -0.309017, 0.5, 0.809017, 0.0, 0.0, 0.0, 0.0, 1.0 ], [ 0.309017, -0.5, -0.809017, 0.0, -0.5, -0.809017, 0.309017, 0.0, -0.809017, 0.309017, -0.5, 0.0, 0.0, 0.0, 0.0, 1.0 ], [ 0.809017, -0.309017, 0.5, 0.0, -0.309017, 0.5, 0.809017, 0.0, -0.5, -0.809017, 0.309017, 0.0, 0.0, 0.0, 0.0, 1.0 ], [ 0.809017, 0.309017, -0.5, 0.0, -0.309017, -0.5, -0.809017, 0.0, -0.5, 0.809017, -0.309017, 0.0, 0.0, 0.0, 0.0, 1.0 ], [ 0.5, -0.809017, 0.309017, 0.0, -0.809017, -0.309017, 0.5, 0.0, -0.309017, -0.5, -0.809017, 0.0, 0.0, 0.0, 0.0, 1.0 ], [ 0.309017, 0.5, 0.809017, 0.0, -0.5, 0.809017, -0.309017, 0.0, -0.809017, -0.309017, 0.5, 0.0, 0.0, 0.0, 0.0, 1.0 ], [ -1.0, 0.0, 0.0, 0.0, 0.0, -1.0, 0.0, 0.0, 0.0, 0.0, 1.0, 0.0, 0.0, 0.0, 0.0, 1.0 ], [ 0.0, 0.0, -1.0, 0.0, -1.0, 0.0, 0.0, 0.0, 0.0, 1.0, 0.0, 0.0, 0.0, 0.0, 0.0, 1.0 ], [ 0.0, -1.0, 0.0, 0.0, 0.0, 0.0, -1.0, 0.0, 1.0, 0.0, 0.0, 0.0, 0.0, 0.0, 0.0, 1.0 ], [ -0.809017, -0.309017, -0.5, 0.0, -0.309017, -0.5, 0.809017, 0.0, -0.5, 0.809017, 0.309017, 0.0, 0.0, 0.0, 0.0, 1.0 ], [ 0.5, -0.809017, -0.309017, 0.0, -0.809017, -0.309017, -0.5, 0.0, 0.309017, 0.5, -0.809017, 0.0, 0.0, 0.0, 0.0, 1.0 ], [ -0.309017, -0.5, 0.809017, 0.0, 0.5, -0.809017, -0.309017, 0.0, 0.809017, 0.309017, 0.5, 0.0, 0.0, 0.0, 0.0, 1.0 ], [ -0.5, -0.809017, -0.309017, 0.0, -0.809017, 0.309017, 0.5, 0.0, -0.309017, 0.5, -0.809017, 0.0, 0.0, 0.0, 0.0, 1.0 ], [ 0.309017, -0.5, 0.809017, 0.0, -0.5, -0.809017, -0.309017, 0.0, 0.809017, -0.309017, -0.5, 0.0, 0.0, 0.0, 0.0, 1.0 ], [ -0.809017, 0.309017, 0.5, 0.0, 0.309017, -0.5, 0.809017, 0.0, 0.5, 0.809017, 0.309017, 0.0, 0.0, 0.0, 0.0, 1.0 ], [ -0.5, -0.809017, 0.309017, 0.0, -0.809017, 0.309017, -0.5, 0.0, 0.309017, -0.5, -0.809017, 0.0, 0.0, 0.0, 0.0, 1.0 ], [ -0.309017, 0.5, 0.809017, 0.0, -0.5, -0.809017, 0.309017, 0.0, 0.809017, -0.309017, 0.5, 0.0, 0.0, 0.0, 0.0, 1.0 ], [ -0.809017, 0.309017, -0.5, 0.0, -0.309017, 0.5, 0.809017, 0.0, 0.5, 0.809017, -0.309017, 0.0, 0.0, 0.0, 0.0, 1.0 ], [ -0.809017, -0.309017, 0.5, 0.0, -0.309017, -0.5, -0.809017, 0.0, 0.5, -0.809017, 0.309017, 0.0, 0.0, 0.0, 0.0, 1.0 ], [ -0.5, 0.809017, -0.309017, 0.0, -0.809017, -0.309017, 0.5, 0.0, 0.309017, 0.5, 0.809017, 0.0, 0.0, 0.0, 0.0, 1.0 ], [ -0.309017, -0.5, -0.809017, 0.0, -0.5, 0.809017, -0.309017, 0.0, 0.809017, 0.309017, -0.5, 0.0, 0.0, 0.0, 0.0, 1.0 ], [ -1.0, 0.0, 0.0, 0.0, 0.0, 1.0, 0.0, 0.0, 0.0, 0.0, -1.0, 0.0, 0.0, 0.0, 0.0, 1.0 ], [ 0.0, 0.0, -1.0, 0.0, 1.0, 0.0, 0.0, 0.0, 0.0, -1.0, 0.0, 0.0, 0.0, 0.0, 0.0, 1.0 ], [ 0.0, -1.0, 0.0, 0.0, 0.0, 0.0, 1.0, 0.0, -1.0, 0.0, 0.0, 0.0, 0.0, 0.0, 0.0, 1.0 ], [ -0.809017, -0.309017, -0.5, 0.0, 0.309017, 0.5, -0.809017, 0.0, 0.5, -0.809017, -0.309017, 0.0, 0.0, 0.0, 0.0, 1.0 ], [ 0.5, -0.809017, -0.309017, 0.0, 0.809017, 0.309017, 0.5, 0.0, -0.309017, -0.5, 0.809017, 0.0, 0.0, 0.0, 0.0, 1.0 ], [ -0.309017, -0.5, 0.809017, 0.0, -0.5, 0.809017, 0.309017, 0.0, -0.809017, -0.309017, -0.5, 0.0, 0.0, 0.0, 0.0, 1.0 ], [ -0.5, -0.809017, -0.309017, 0.0, 0.809017, -0.309017, -0.5, 0.0, 0.309017, -0.5, 0.809017, 0.0, 0.0, 0.0, 0.0, 1.0 ], [ 0.309017, -0.5, 0.809017, 0.0, 0.5, 0.809017, 0.309017, 0.0, -0.809017, 0.309017, 0.5, 0.0, 0.0, 0.0, 0.0, 1.0 ], [ -0.809017, 0.309017, 0.5, 0.0, -0.309017, 0.5, -0.809017, 0.0, -0.5, -0.809017, -0.309017, 0.0, 0.0, 0.0, 0.0, 1.0 ], [ -0.5, -0.809017, 0.309017, 0.0, 0.809017, -0.309017, 0.5, 0.0, -0.309017, 0.5, 0.809017, 0.0, 0.0, 0.0, 0.0, 1.0 ], [ -0.309017, 0.5, 0.809017, 0.0, 0.5, 0.809017, -0.309017, 0.0, -0.809017, 0.309017, -0.5, 0.0, 0.0, 0.0, 0.0, 1.0 ], [ -0.809017, 0.309017, -0.5, 0.0, 0.309017, -0.5, -0.809017, 0.0, -0.5, -0.809017, 0.309017, 0.0, 0.0, 0.0, 0.0, 1.0 ], [ -0.809017, -0.309017, 0.5, 0.0, 0.309017, 0.5, 0.809017, 0.0, -0.5, 0.809017, -0.309017, 0.0, 0.0, 0.0, 0.0, 1.0 ], [ -0.5, 0.809017, -0.309017, 0.0, 0.809017, 0.309017, -0.5, 0.0, -0.309017, -0.5, -0.809017, 0.0, 0.0, 0.0, 0.0, 1.0 ], [ -0.309017, -0.5, -0.809017, 0.0, 0.5, -0.809017, 0.309017, 0.0, -0.809017, -0.309017, 0.5, 0.0, 0.0, 0.0, 0.0, 1.0 ] ],
  "lights" : {
    "ambientColor" : "#292929",
    "backgroundColor" : "#333333",
    "directionalLights" : [ {
      "direction" : {
        "x" : 1.0,
        "y" : -1.0,
        "z" : -1.0
      },
      "color" : "#EBEBE4"
    }, {
      "direction" : {
        "x" : -1.0,
        "y" : 0.0,
        "z" : 0.0
      },
      "color" : "#E4E4EB"
    }, {
      "direction" : {
        "x" : 0.0,
        "y" : 0.0,
        "z" : -1.0
      },
      "color" : "#1E1E1E"
    } ]
  },
  "camera" : {
    "perspective" : true,
    "viewDistance" : 942.8239,
    "nearClipDistance" : 2.3570597,
    "farClipDistance" : 1885.6478,
    "lookAtPoint" : {
      "x" : 0.0,
      "y" : -116.137764,
      "z" : 0.0
    },
    "fieldOfView" : 0.44262886,
    "lookDirection" : {
      "x" : -0.56474996,
      "y" : 0.80620825,
      "z" : -0.17631142
    },
    "upDirection" : {
      "x" : -0.78105646,
      "y" : -0.59114265,
      "z" : -0.201249
    },
    "width" : 424.27075,
    "stereo" : false,
    "position" : {
      "x" : 532.4598,
      "y" : -876.2502,
      "z" : 166.23062
    }
  },
  "embedding" : [ 1.0, 0.0, 0.0, 0.0, 0.0, 1.0, 0.0, 0.0, 0.0, 0.0, 1.0, 0.0, 0.0, 0.0, 0.0, 1.0 ],
  "shapes" : [ {
    "id" : "6e59e84b-4fc7-42be-aa21-70eadc4fc29a",
    "vertices" : [ {
      "x" : -93.95743,
      "y" : -174.20665,
      "z" : 58.068882
    }, {
      "x" : -105.0476,
      "y" : -174.20665,
      "z" : 29.034441
    }, {
      "x" : -116.137764,
      "y" : -145.17221,
      "z" : 29.034441
    }, {
      "x" : -105.0476,
      "y" : -145.17221,
      "z" : 58.068882
    } ],
    "faces" : [ {
      "vertices" : [ 0, 1, 2 ]
    }, {
      "vertices" : [ 0, 2, 3 ]
    }, {
      "vertices" : [ 0, 3, 2 ]
    }, {
      "vertices" : [ 0, 2, 1 ]
    } ]
  }, {
    "id" : "0fb4696d-4610-4777-b135-6cc88026c49f",
    "vertices" : [ {
      "x" : 116.137764,
      "y" : -116.137764,
      "z" : 40.12461
    }, {
      "x" : 116.137764,
      "y" : -87.103325,
      "z" : 29.034441
    }, {
      "x" : 116.137764,
      "y" : -76.01315,
      "z" : 0.0
    }, {
      "x" : 116.137764,
      "y" : -87.103325,
      "z" : -29.034441
    }, {
      "x" : 116.137764,
      "y" : -116.137764,
      "z" : -40.12461
    }, {
      "x" : 116.137764,
      "y" : -145.17221,
      "z" : -29.034441
    }, {
      "x" : 116.137764,
      "y" : -156.26237,
      "z" : 0.0
    }, {
      "x" : 116.137764,
      "y" : -145.17221,
      "z" : 29.034441
    } ],
    "faces" : [ {
      "vertices" : [ 0, 1, 2 ]
    }, {
      "vertices" : [ 0, 2, 3 ]
    }, {
      "vertices" : [ 0, 3, 4 ]
    }, {
      "vertices" : [ 0, 4, 5 ]
    }, {
      "vertices" : [ 0, 5, 6 ]
    }, {
      "vertices" : [ 0, 6, 7 ]
    }, {
      "vertices" : [ 0, 7, 6 ]
    }, {
      "vertices" : [ 0, 6, 5 ]
    }, {
      "vertices" : [ 0, 5, 4 ]
    }, {
      "vertices" : [ 0, 4, 3 ]
    }, {
      "vertices" : [ 0, 3, 2 ]
    }, {
      "vertices" : [ 0, 2, 1 ]
    } ]
  }, {
    "id" : "198e075d-f6ec-4ba6-9b27-1af175b9f685",
    "vertices" : [ {
      "x" : -105.0476,
      "y" : -116.137764,
      "z" : 69.15905
    }, {
      "x" : -105.0476,
      "y" : -87.103325,
      "z" : 58.068882
    }, {
      "x" : -87.103325,
      "y" : -69.15905,
      "z" : 76.01315
    }, {
      "x" : -87.103325,
      "y" : -98.1935,
      "z" : 87.103325
    } ],
    "faces" : [ {
      "vertices" : [ 0, 1, 2 ]
    }, {
      "vertices" : [ 0, 2, 3 ]
    }, {
      "vertices" : [ 0, 3, 2 ]
    }, {
      "vertices" : [ 0, 2, 1 ]
    } ]
  }, {
    "id" : "48a49b4f-1ce6-41e1-86b5-a4100d63dc6f",
    "vertices" : [ {
      "x" : -29.034441,
      "y" : -174.20665,
      "z" : 105.0476
    }, {
      "x" : -29.034441,
      "y" : -145.17221,
      "z" : 116.137764
    }, {
      "x" : 0.0,
      "y" : -156.26237,
      "z" : 116.137764
    }, {
      "x" : 0.0,
      "y" : -185.29681,
      "z" : 105.0476
    } ],
    "faces" : [ {
      "vertices" : [ 0, 1, 2 ]
    }, {
      "vertices" : [ 0, 2, 3 ]
    }, {
      "vertices" : [ 0, 3, 2 ]
    }, {
      "vertices" : [ 0, 2, 1 ]
    } ]
  }, {
    "id" : "66421c77-8db8-47f7-95d9-6def1ab53a65",
    "vertices" : [ {
      "x" : 76.01315,
      "y" : -192.15092,
      "z" : -76.01315
    }, {
      "x" : 76.01315,
      "y" : -163.11649,
      "z" : -87.103325
    }, {
      "x" : 58.068882,
      "y" : -145.17221,
      "z" : -105.0476
    }, {
      "x" : 58.068882,
      "y" : -174.20665,
      "z" : -93.95743
    } ],
    "faces" : [ {
      "vertices" : [ 0, 1, 2 ]
    }, {
      "vertices" : [ 0, 2, 3 ]
    }, {
      "vertices" : [ 0, 3, 2 ]
    }, {
      "vertices" : [ 0, 2, 1 ]
    } ]
  }, {
    "id" : "25923206-ba9d-4f4c-a10a-bde3792ab501",
    "vertices" : [ {
      "x" : 58.068882,
      "y" : -221.18536,
      "z" : 29.034441
    }, {
      "x" : 29.034441,
      "y" : -232.27553,
      "z" : 29.034441
    }, {
      "x" : 29.034441,
      "y" : -221.18536,
      "z" : 58.068882
    }, {
      "x" : 58.068882,
      "y" : -210.0952,
      "z" : 58.068882
    } ],
    "faces" : [ {
      "vertices" : [ 0, 1, 2 ]
    }, {
      "vertices" : [ 0, 2, 3 ]
    }, {
      "vertices" : [ 0, 3, 2 ]
    }, {
      "vertices" : [ 0, 2, 1 ]
    } ]
  }, {
    "id" : "68a0fde1-03d0-4aa3-8c98-6ef882e37fe1",
    "vertices" : [ {
      "x" : -58.068882,
      "y" : -58.068882,
      "z" : 93.95743
    }, {
      "x" : -58.068882,
      "y" : -87.103325,
      "z" : 105.0476
    }, {
      "x" : -76.01315,
      "y" : -69.15905,
      "z" : 87.103325
    }, {
      "x" : -76.01315,
      "y" : -40.12461,
      "z" : 76.01315
    } ],
    "faces" : [ {
      "vertices" : [ 0, 1, 2 ]
    }, {
      "vertices" : [ 0, 2, 3 ]
    }, {
      "vertices" : [ 0, 3, 2 ]
    }, {
      "vertices" : [ 0, 2, 1 ]
    } ]
  }, {
    "id" : "4368d469-38ed-44b5-914b-815b23d64edc",
    "vertices" : [ {
      "x" : -58.068882,
      "y" : -210.0952,
      "z" : -58.068882
    }, {
      "x" : -29.034441,
      "y" : -221.18536,
      "z" : -58.068882
    }, {
      "x" : -46.978714,
      "y" : -203.24109,
      "z" : -76.01315
    }, {
      "x" : -76.01315,
      "y" : -192.15092,
      "z" : -76.01315
    } ],
    "faces" : [ {
      "vertices" : [ 0, 1, 2 ]
    }, {
      "vertices" : [ 0, 2, 3 ]
    }, {
      "vertices" : [ 0, 3, 2 ]
    }, {
      "vertices" : [ 0, 2, 1 ]
    } ]
  }, {
    "id" : "67031267-6211-4a2c-9389-33b8106c729c",
    "vertices" : [ {
      "x" : -76.01315,
      "y" : -192.15092,
      "z" : 76.01315
    }, {
      "x" : -87.103325,
      "y" : -163.11649,
      "z" : 76.01315
    }, {
      "x" : -87.103325,
      "y" : -134.08205,
      "z" : 87.103325
    }, {
      "x" : -76.01315,
      "y" : -163.11649,
      "z" : 87.103325
    } ],
    "faces" : [ {
      "vertices" : [ 0, 1, 2 ]
    }, {
      "vertices" : [ 0, 2, 3 ]
    }, {
      "vertices" : [ 0, 3, 2 ]
    }, {
      "vertices" : [ 0, 2, 1 ]
    } ]
  }, {
    "id" : "10df07d3-e7bf-468f-b3d2-36b82cd5e614",
    "vertices" : [ {
      "x" : 87.103325,
      "y" : -29.034441,
      "z" : -17.944271
    }, {
      "x" : 76.01315,
      "y" : -29.034441,
      "z" : -46.978714
    }, {
      "x" : 76.01315,
      "y" : -40.12461,
      "z" : -76.01315
    }, {
      "x" : 87.103325,
      "y" : -40.12461,
      "z" : -46.978714
    } ],
    "faces" : [ {
      "vertices" : [ 0, 1, 2 ]
    }, {
      "vertices" : [ 0, 2, 3 ]
    }, {
      "vertices" : [ 0, 3, 2 ]
    }, {
      "vertices" : [ 0, 2, 1 ]
    } ]
  }, {
    "id" : "bb435248-e2eb-420e-9984-f409d252c771",
    "vertices" : [ {
      "x" : -29.034441,
      "y" : -58.068882,
      "z" : -105.0476
    }, {
      "x" : -29.034441,
      "y" : -87.103325,
      "z" : -116.137764
    }, {
      "x" : 0.0,
      "y" : -76.01315,
      "z" : -116.137764
    }, {
      "x" : 0.0,
      "y" : -46.978714,
      "z" : -105.0476
    } ],
    "faces" : [ {
      "vertices" : [ 0, 1, 2 ]
    }, {
      "vertices" : [ 0, 2, 3 ]
    }, {
      "vertices" : [ 0, 3, 2 ]
    }, {
      "vertices" : [ 0, 2, 1 ]
    } ]
  }, {
    "id" : "085ec510-3600-419e-bee0-f32d2b0d076e",
    "vertices" : [ {
      "x" : 0.0,
      "y" : -11.09017,
      "z" : 69.15905
    }, {
      "x" : -17.944271,
      "y" : -29.034441,
      "z" : 87.103325
    }, {
      "x" : -46.978714,
      "y" : -29.034441,
      "z" : 76.01315
    }, {
      "x" : -29.034441,
      "y" : -11.09017,
      "z" : 58.068882
    } ],
    "faces" : [ {
      "vertices" : [ 0, 1, 2 ]
    }, {
      "vertices" : [ 0, 2, 3 ]
    }, {
      "vertices" : [ 0, 3, 2 ]
    }, {
      "vertices" : [ 0, 2, 1 ]
    } ]
  }, {
    "id" : "6eb3b03c-5c8c-4b9c-b28d-dd89a113b47f",
    "vertices" : [ {
      "x" : -87.103325,
      "y" : -134.08205,
      "z" : -87.103325
    }, {
      "x" : -87.103325,
      "y" : -163.11649,
      "z" : -76.01315
    }, {
      "x" : -76.01315,
      "y" : -192.15092,
      "z" : -76.01315
    }, {
      "x" : -76.01315,
      "y" : -163.11649,
      "z" : -87.103325
    } ],
    "faces" : [ {
      "vertices" : [ 0, 1, 2 ]
    }, {
      "vertices" : [ 0, 2, 3 ]
    }, {
      "vertices" : [ 0, 3, 2 ]
    }, {
      "vertices" : [ 0, 2, 1 ]
    } ]
  }, {
    "id" : "bd3fc29b-2a70-4eb8-8a02-c31824eb7e82",
    "vertices" : [ {
      "x" : -69.15905,
      "y" : -221.18536,
      "z" : 0.0
    }, {
      "x" : -58.068882,
      "y" : -221.18536,
      "z" : -29.034441
    }, {
      "x" : -76.01315,
      "y" : -203.24109,
      "z" : -46.978714
    }, {
      "x" : -87.103325,
      "y" : -203.24109,
      "z" : -17.944271
    } ],
    "faces" : [ {
      "vertices" : [ 0, 1, 2 ]
    }, {
      "vertices" : [ 0, 2, 3 ]
    }, {
      "vertices" : [ 0, 3, 2 ]
    }, {
      "vertices" : [ 0, 2, 1 ]
    } ]
  }, {
    "id" : "1dbdd162-e3ac-4b22-83e9-7b06f15385f7",
    "vertices" : [ {
      "x" : 0.0,
      "y" : -11.09017,
      "z" : -69.15905
    }, {
      "x" : 29.034441,
      "y" : -11.09017,
      "z" : -58.068882
    }, {
      "x" : 29.034441,
      "y" : 0.0,
      "z" : -29.034441
    }, {
      "x" : 0.0,
      "y" : 0.0,
      "z" : -40.12461
    } ],
    "faces" : [ {
      "vertices" : [ 0, 1, 2 ]
    }, {
      "vertices" : [ 0, 2, 3 ]
    }, {
      "vertices" : [ 0, 3, 2 ]
    }, {
      "vertices" : [ 0, 2, 1 ]
    } ]
  }, {
    "id" : "70e9d6bd-b7c1-42a7-9ee2-3a6b5bf0ed40",
    "vertices" : [ {
      "x" : 69.15905,
      "y" : -11.09017,
      "z" : 0.0
    }, {
      "x" : 40.12461,
      "y" : 0.0,
      "z" : 0.0
    }, {
      "x" : 29.034441,
      "y" : 0.0,
      "z" : -29.034441
    }, {
      "x" : 58.068882,
      "y" : -11.09017,
      "z" : -29.034441
    } ],
    "faces" : [ {
      "vertices" : [ 0, 1, 2 ]
    }, {
      "vertices" : [ 0, 2, 3 ]
    }, {
      "vertices" : [ 0, 3, 2 ]
    }, {
      "vertices" : [ 0, 2, 1 ]
    } ]
  }, {
    "id" : "08af8046-1ea6-4142-b37e-406dc5dd737d",
    "vertices" : [ {
      "x" : -69.15905,
      "y" : -116.137764,
      "z" : -105.0476
    }, {
      "x" : -58.068882,
      "y" : -145.17221,
      "z" : -105.0476
    }, {
      "x" : -29.034441,
      "y" : -145.17221,
      "z" : -116.137764
    }, {
      "x" : -40.12461,
      "y" : -116.137764,
      "z" : -116.137764
    } ],
    "faces" : [ {
      "vertices" : [ 0, 1, 2 ]
    }, {
      "vertices" : [ 0, 2, 3 ]
    }, {
      "vertices" : [ 0, 3, 2 ]
    }, {
      "vertices" : [ 0, 2, 1 ]
    } ]
  }, {
    "id" : "84f19648-ccb1-48f0-adba-345dad7c3cce",
    "vertices" : [ {
      "x" : 105.0476,
      "y" : -145.17221,
      "z" : 58.068882
    }, {
      "x" : 116.137764,
      "y" : -145.17221,
      "z" : 29.034441
    }, {
      "x" : 105.0476,
      "y" : -174.20665,
      "z" : 29.034441
    }, {
      "x" : 93.95743,
      "y" : -174.20665,
      "z" : 58.068882
    } ],
    "faces" : [ {
      "vertices" : [ 0, 1, 2 ]
    }, {
      "vertices" : [ 0, 2, 3 ]
    }, {
      "vertices" : [ 0, 3, 2 ]
    }, {
      "vertices" : [ 0, 2, 1 ]
    } ]
  }, {
    "id" : "a645cdba-5876-4081-a390-48b0cbd43ea6",
    "vertices" : [ {
      "x" : 76.01315,
      "y" : -163.11649,
      "z" : -87.103325
    }, {
      "x" : 87.103325,
      "y" : -134.08205,
      "z" : -87.103325
    }, {
      "x" : 69.15905,
      "y" : -116.137764,
      "z" : -105.0476
    }, {
      "x" : 58.068882,
      "y" : -145.17221,
      "z" : -105.0476
    } ],
    "faces" : [ {
      "vertices" : [ 0, 1, 2 ]
    }, {
      "vertices" : [ 0, 2, 3 ]
    }, {
      "vertices" : [ 0, 3, 2 ]
    }, {
      "vertices" : [ 0, 2, 1 ]
    } ]
  }, {
    "id" : "f677627f-d8b0-4c34-b575-9d1dc9de57ac",
    "vertices" : [ {
      "x" : 0.0,
      "y" : -11.09017,
      "z" : 69.15905
    }, {
      "x" : -29.034441,
      "y" : -11.09017,
      "z" : 58.068882
    }, {
      "x" : -29.034441,
      "y" : 0.0,
      "z" : 29.034441
    }, {
      "x" : 0.0,
      "y" : 0.0,
      "z" : 40.12461
    } ],
    "faces" : [ {
      "vertices" : [ 0, 1, 2 ]
    }, {
      "vertices" : [ 0, 2, 3 ]
    }, {
      "vertices" : [ 0, 3, 2 ]
    }, {
      "vertices" : [ 0, 2, 1 ]
    } ]
  }, {
    "id" : "9e83f11e-a68a-49b5-852e-75dd34bd46cc",
    "vertices" : [ {
      "x" : 0.0,
      "y" : -221.18536,
      "z" : 69.15905
    }, {
      "x" : 17.944271,
      "y" : -203.24109,
      "z" : 87.103325
    }, {
      "x" : 46.978714,
      "y" : -203.24109,
      "z" : 76.01315
    }, {
      "x" : 29.034441,
      "y" : -221.18536,
      "z" : 58.068882
    } ],
    "faces" : [ {
      "vertices" : [ 0, 1, 2 ]
    }, {
      "vertices" : [ 0, 2, 3 ]
    }, {
      "vertices" : [ 0, 3, 2 ]
    }, {
      "vertices" : [ 0, 2, 1 ]
    } ]
  }, {
    "id" : "afc48d7e-eacb-4d3c-8fc5-06cd140b0230",
    "vertices" : [ {
      "x" : -87.103325,
      "y" : -40.12461,
      "z" : -46.978714
    }, {
      "x" : -87.103325,
      "y" : -29.034441,
      "z" : -17.944271
    }, {
      "x" : -105.0476,
      "y" : -46.978714,
      "z" : 0.0
    }, {
      "x" : -105.0476,
      "y" : -58.068882,
      "z" : -29.034441
    } ],
    "faces" : [ {
      "vertices" : [ 0, 1, 2 ]
    }, {
      "vertices" : [ 0, 2, 3 ]
    }, {
      "vertices" : [ 0, 3, 2 ]
    }, {
      "vertices" : [ 0, 2, 1 ]
    } ]
  }, {
    "id" : "0371163c-db8c-4ada-8827-f82f16d457bd",
    "vertices" : [ {
      "x" : 40.12461,
      "y" : -232.27553,
      "z" : 0.0
    }, {
      "x" : 29.034441,
      "y" : -232.27553,
      "z" : -29.034441
    }, {
      "x" : 0.0,
      "y" : -232.27553,
      "z" : -40.12461
    }, {
      "x" : -29.034441,
      "y" : -232.27553,
      "z" : -29.034441
    }, {
      "x" : -40.12461,
      "y" : -232.27553,
      "z" : 0.0
    }, {
      "x" : -29.034441,
      "y" : -232.27553,
      "z" : 29.034441
    }, {
      "x" : 0.0,
      "y" : -232.27553,
      "z" : 40.12461
    }, {
      "x" : 29.034441,
      "y" : -232.27553,
      "z" : 29.034441
    } ],
    "faces" : [ {
      "vertices" : [ 0, 1, 2 ]
    }, {
      "vertices" : [ 0, 2, 3 ]
    }, {
      "vertices" : [ 0, 3, 4 ]
    }, {
      "vertices" : [ 0, 4, 5 ]
    }, {
      "vertices" : [ 0, 5, 6 ]
    }, {
      "vertices" : [ 0, 6, 7 ]
    }, {
      "vertices" : [ 0, 7, 6 ]
    }, {
      "vertices" : [ 0, 6, 5 ]
    }, {
      "vertices" : [ 0, 5, 4 ]
    }, {
      "vertices" : [ 0, 4, 3 ]
    }, {
      "vertices" : [ 0, 3, 2 ]
    }, {
      "vertices" : [ 0, 2, 1 ]
    } ]
  }, {
    "id" : "f4de165e-a159-4a3a-a3bb-ae13f13e0145",
    "vertices" : [ {
      "x" : -69.15905,
      "y" : -11.09017,
      "z" : 0.0
    }, {
      "x" : -58.068882,
      "y" : -11.09017,
      "z" : 29.034441
    }, {
      "x" : -76.01315,
      "y" : -29.034441,
      "z" : 46.978714
    }, {
      "x" : -87.103325,
      "y" : -29.034441,
      "z" : 17.944271
    } ],
    "faces" : [ {
      "vertices" : [ 0, 1, 2 ]
    }, {
      "vertices" : [ 0, 2, 3 ]
    }, {
      "vertices" : [ 0, 3, 2 ]
    }, {
      "vertices" : [ 0, 2, 1 ]
    } ]
  }, {
    "id" : "bf825cee-6c3b-4561-a05d-abfa1ffe55f7",
    "vertices" : [ {
      "x" : 29.034441,
      "y" : -174.20665,
      "z" : -105.0476
    }, {
      "x" : 29.034441,
      "y" : -145.17221,
      "z" : -116.137764
    }, {
      "x" : 0.0,
      "y" : -156.26237,
      "z" : -116.137764
    }, {
      "x" : 0.0,
      "y" : -185.29681,
      "z" : -105.0476
    } ],
    "faces" : [ {
      "vertices" : [ 0, 1, 2 ]
    }, {
      "vertices" : [ 0, 2, 3 ]
    }, {
      "vertices" : [ 0, 3, 2 ]
    }, {
      "vertices" : [ 0, 2, 1 ]
    } ]
  }, {
    "id" : "bb80429d-84e5-4a13-af54-aac2373463cc",
    "vertices" : [ {
      "x" : 105.0476,
      "y" : -145.17221,
      "z" : 58.068882
    }, {
      "x" : 93.95743,
      "y" : -174.20665,
      "z" : 58.068882
    }, {
      "x" : 76.01315,
      "y" : -192.15092,
      "z" : 76.01315
    }, {
      "x" : 87.103325,
      "y" : -163.11649,
      "z" : 76.01315
    } ],
    "faces" : [ {
      "vertices" : [ 0, 1, 2 ]
    }, {
      "vertices" : [ 0, 2, 3 ]
    }, {
      "vertices" : [ 0, 3, 2 ]
    }, {
      "vertices" : [ 0, 2, 1 ]
    } ]
  }, {
    "id" : "795543ea-117b-4f80-9e1b-db4a151123cd",
    "vertices" : [ {
      "x" : -17.944271,
      "y" : -29.034441,
      "z" : 87.103325
    }, {
      "x" : -46.978714,
      "y" : -40.12461,
      "z" : 87.103325
    }, {
      "x" : -76.01315,
      "y" : -40.12461,
      "z" : 76.01315
    }, {
      "x" : -46.978714,
      "y" : -29.034441,
      "z" : 76.01315
    } ],
    "faces" : [ {
      "vertices" : [ 0, 1, 2 ]
    }, {
      "vertices" : [ 0, 2, 3 ]
    }, {
      "vertices" : [ 0, 3, 2 ]
    }, {
      "vertices" : [ 0, 2, 1 ]
    } ]
  }, {
    "id" : "72eace0c-0d16-45e2-b2d7-1dc1e0b4f30e",
    "vertices" : [ {
      "x" : -105.0476,
      "y" : -46.978714,
      "z" : 0.0
    }, {
      "x" : -87.103325,
      "y" : -29.034441,
      "z" : 17.944271
    }, {
      "x" : -87.103325,
      "y" : -40.12461,
      "z" : 46.978714
    }, {
      "x" : -105.0476,
      "y" : -58.068882,
      "z" : 29.034441
    } ],
    "faces" : [ {
      "vertices" : [ 0, 1, 2 ]
    }, {
      "vertices" : [ 0, 2, 3 ]
    }, {
      "vertices" : [ 0, 3, 2 ]
    }, {
      "vertices" : [ 0, 2, 1 ]
    } ]
  }, {
    "id" : "d5ace0e3-24f5-4712-9176-909f83117df7",
    "vertices" : [ {
      "x" : -76.01315,
      "y" : -40.12461,
      "z" : -76.01315
    }, {
      "x" : -87.103325,
      "y" : -69.15905,
      "z" : -76.01315
    }, {
      "x" : -87.103325,
      "y" : -98.1935,
      "z" : -87.103325
    }, {
      "x" : -76.01315,
      "y" : -69.15905,
      "z" : -87.103325
    } ],
    "faces" : [ {
      "vertices" : [ 0, 1, 2 ]
    }, {
      "vertices" : [ 0, 2, 3 ]
    }, {
      "vertices" : [ 0, 3, 2 ]
    }, {
      "vertices" : [ 0, 2, 1 ]
    } ]
  }, {
    "id" : "f3b39282-4cf9-4f77-a16d-6e65d719b216",
    "vertices" : [ {
      "x" : -87.103325,
      "y" : -192.15092,
      "z" : 46.978714
    }, {
      "x" : -87.103325,
      "y" : -203.24109,
      "z" : 17.944271
    }, {
      "x" : -105.0476,
      "y" : -185.29681,
      "z" : 0.0
    }, {
      "x" : -105.0476,
      "y" : -174.20665,
      "z" : 29.034441
    } ],
    "faces" : [ {
      "vertices" : [ 0, 1, 2 ]
    }, {
      "vertices" : [ 0, 2, 3 ]
    }, {
      "vertices" : [ 0, 3, 2 ]
    }, {
      "vertices" : [ 0, 2, 1 ]
    } ]
  }, {
    "id" : "170b67d4-69d1-4d47-982a-9cbaa06bd325",
    "vertices" : [ {
      "x" : 87.103325,
      "y" : -69.15905,
      "z" : 76.01315
    }, {
      "x" : 105.0476,
      "y" : -87.103325,
      "z" : 58.068882
    }, {
      "x" : 105.0476,
      "y" : -116.137764,
      "z" : 69.15905
    }, {
      "x" : 87.103325,
      "y" : -98.1935,
      "z" : 87.103325
    } ],
    "faces" : [ {
      "vertices" : [ 0, 1, 2 ]
    }, {
      "vertices" : [ 0, 2, 3 ]
    }, {
      "vertices" : [ 0, 3, 2 ]
    }, {
      "vertices" : [ 0, 2, 1 ]
    } ]
  }, {
    "id" : "d3e417f5-d66a-4ebb-bf4b-cdcde821fae3",
    "vertices" : [ {
      "x" : 105.0476,
      "y" : -185.29681,
      "z" : 0.0
    }, {
      "x" : 87.103325,
      "y" : -203.24109,
      "z" : 17.944271
    }, {
      "x" : 87.103325,
      "y" : -192.15092,
      "z" : 46.978714
    }, {
      "x" : 105.0476,
      "y" : -174.20665,
      "z" : 29.034441
    } ],
    "faces" : [ {
      "vertices" : [ 0, 1, 2 ]
    }, {
      "vertices" : [ 0, 2, 3 ]
    }, {
      "vertices" : [ 0, 3, 2 ]
    }, {
      "vertices" : [ 0, 2, 1 ]
    } ]
  }, {
    "id" : "25388b56-f32f-49a2-987e-202bc898e2d0",
    "vertices" : [ {
      "x" : 76.01315,
      "y" : -40.12461,
      "z" : 76.01315
    }, {
      "x" : 87.103325,
      "y" : -40.12461,
      "z" : 46.978714
    }, {
      "x" : 105.0476,
      "y" : -58.068882,
      "z" : 29.034441
    }, {
      "x" : 93.95743,
      "y" : -58.068882,
      "z" : 58.068882
    } ],
    "faces" : [ {
      "vertices" : [ 0, 1, 2 ]
    }, {
      "vertices" : [ 0, 2, 3 ]
    }, {
      "vertices" : [ 0, 3, 2 ]
    }, {
      "vertices" : [ 0, 2, 1 ]
    } ]
  }, {
    "id" : "7e7697bf-ea23-4889-b94e-0dd2238758dd",
    "vertices" : [ {
      "x" : 17.944271,
      "y" : -29.034441,
      "z" : 87.103325
    }, {
      "x" : 0.0,
      "y" : -46.978714,
      "z" : 105.0476
    }, {
      "x" : -17.944271,
      "y" : -29.034441,
      "z" : 87.103325
    }, {
      "x" : 0.0,
      "y" : -11.09017,
      "z" : 69.15905
    } ],
    "faces" : [ {
      "vertices" : [ 0, 1, 2 ]
    }, {
      "vertices" : [ 0, 2, 3 ]
    }, {
      "vertices" : [ 0, 3, 2 ]
    }, {
      "vertices" : [ 0, 2, 1 ]
    } ]
  }, {
    "id" : "a60b495a-a038-42f8-acad-51959eb19ae0",
    "vertices" : [ {
      "x" : -105.0476,
      "y" : -116.137764,
      "z" : 69.15905
    }, {
      "x" : -116.137764,
      "y" : -116.137764,
      "z" : 40.12461
    }, {
      "x" : -116.137764,
      "y" : -87.103325,
      "z" : 29.034441
    }, {
      "x" : -105.0476,
      "y" : -87.103325,
      "z" : 58.068882
    } ],
    "faces" : [ {
      "vertices" : [ 0, 1, 2 ]
    }, {
      "vertices" : [ 0, 2, 3 ]
    }, {
      "vertices" : [ 0, 3, 2 ]
    }, {
      "vertices" : [ 0, 2, 1 ]
    } ]
  }, {
    "id" : "e2a579e2-d099-4b47-8e43-d35f9058e62a",
    "vertices" : [ {
      "x" : 76.01315,
      "y" : -192.15092,
      "z" : -76.01315
    }, {
      "x" : 58.068882,
      "y" : -174.20665,
      "z" : -93.95743
    }, {
      "x" : 29.034441,
      "y" : -174.20665,
      "z" : -105.0476
    }, {
      "x" : 46.978714,
      "y" : -192.15092,
      "z" : -87.103325
    } ],
    "faces" : [ {
      "vertices" : [ 0, 1, 2 ]
    }, {
      "vertices" : [ 0, 2, 3 ]
    }, {
      "vertices" : [ 0, 3, 2 ]
    }, {
      "vertices" : [ 0, 2, 1 ]
    } ]
  }, {
    "id" : "2776e901-058c-4bee-949b-f1ec38b00f6e",
    "vertices" : [ {
      "x" : 40.12461,
      "y" : 0.0,
      "z" : 0.0
    }, {
      "x" : 29.034441,
      "y" : 0.0,
      "z" : 29.034441
    }, {
      "x" : 0.0,
      "y" : 0.0,
      "z" : 40.12461
    }, {
      "x" : -29.034441,
      "y" : 0.0,
      "z" : 29.034441
    }, {
      "x" : -40.12461,
      "y" : 0.0,
      "z" : 0.0
    }, {
      "x" : -29.034441,
      "y" : 0.0,
      "z" : -29.034441
    }, {
      "x" : 0.0,
      "y" : 0.0,
      "z" : -40.12461
    }, {
      "x" : 29.034441,
      "y" : 0.0,
      "z" : -29.034441
    } ],
    "faces" : [ {
      "vertices" : [ 0, 1, 2 ]
    }, {
      "vertices" : [ 0, 2, 3 ]
    }, {
      "vertices" : [ 0, 3, 4 ]
    }, {
      "vertices" : [ 0, 4, 5 ]
    }, {
      "vertices" : [ 0, 5, 6 ]
    }, {
      "vertices" : [ 0, 6, 7 ]
    }, {
      "vertices" : [ 0, 7, 6 ]
    }, {
      "vertices" : [ 0, 6, 5 ]
    }, {
      "vertices" : [ 0, 5, 4 ]
    }, {
      "vertices" : [ 0, 4, 3 ]
    }, {
      "vertices" : [ 0, 3, 2 ]
    }, {
      "vertices" : [ 0, 2, 1 ]
    } ]
  }, {
    "id" : "c35553fe-8d3b-4081-a5a2-2d89e7a48a8b",
    "vertices" : [ {
      "x" : -105.0476,
      "y" : -145.17221,
      "z" : 58.068882
    }, {
      "x" : -116.137764,
      "y" : -145.17221,
      "z" : 29.034441
    }, {
      "x" : -116.137764,
      "y" : -116.137764,
      "z" : 40.12461
    }, {
      "x" : -105.0476,
      "y" : -116.137764,
      "z" : 69.15905
    } ],
    "faces" : [ {
      "vertices" : [ 0, 1, 2 ]
    }, {
      "vertices" : [ 0, 2, 3 ]
    }, {
      "vertices" : [ 0, 3, 2 ]
    }, {
      "vertices" : [ 0, 2, 1 ]
    } ]
  }, {
    "id" : "6f442f29-f97f-41f3-9e74-3d6669731044",
    "vertices" : [ {
      "x" : 76.01315,
      "y" : -40.12461,
      "z" : 76.01315
    }, {
      "x" : 93.95743,
      "y" : -58.068882,
      "z" : 58.068882
    }, {
      "x" : 105.0476,
      "y" : -87.103325,
      "z" : 58.068882
    }, {
      "x" : 87.103325,
      "y" : -69.15905,
      "z" : 76.01315
    } ],
    "faces" : [ {
      "vertices" : [ 0, 1, 2 ]
    }, {
      "vertices" : [ 0, 2, 3 ]
    }, {
      "vertices" : [ 0, 3, 2 ]
    }, {
      "vertices" : [ 0, 2, 1 ]
    } ]
  }, {
    "id" : "3a08d114-7ec5-4613-8314-2ab905d6b42f",
    "vertices" : [ {
      "x" : 105.0476,
      "y" : -46.978714,
      "z" : 0.0
    }, {
      "x" : 105.0476,
      "y" : -58.068882,
      "z" : -29.034441
    }, {
      "x" : 116.137764,
      "y" : -87.103325,
      "z" : -29.034441
    }, {
      "x" : 116.137764,
      "y" : -76.01315,
      "z" : 0.0
    } ],
    "faces" : [ {
      "vertices" : [ 0, 1, 2 ]
    }, {
      "vertices" : [ 0, 2, 3 ]
    }, {
      "vertices" : [ 0, 3, 2 ]
    }, {
      "vertices" : [ 0, 2, 1 ]
    } ]
  }, {
    "id" : "8f9fe9d7-041b-409a-8a54-1fbf651c7222",
    "vertices" : [ {
      "x" : 0.0,
      "y" : -185.29681,
      "z" : -105.0476
    }, {
      "x" : 0.0,
      "y" : -156.26237,
      "z" : -116.137764
    }, {
      "x" : -29.034441,
      "y" : -145.17221,
      "z" : -116.137764
    }, {
      "x" : -29.034441,
      "y" : -174.20665,
      "z" : -105.0476
    } ],
    "faces" : [ {
      "vertices" : [ 0, 1, 2 ]
    }, {
      "vertices" : [ 0, 2, 3 ]
    }, {
      "vertices" : [ 0, 3, 2 ]
    }, {
      "vertices" : [ 0, 2, 1 ]
    } ]
  }, {
    "id" : "183ff4ca-0a31-48af-8e8c-31d606270346",
    "vertices" : [ {
      "x" : 0.0,
      "y" : -156.26237,
      "z" : -116.137764
    }, {
      "x" : 29.034441,
      "y" : -145.17221,
      "z" : -116.137764
    }, {
      "x" : 40.12461,
      "y" : -116.137764,
      "z" : -116.137764
    }, {
      "x" : 29.034441,
      "y" : -87.103325,
      "z" : -116.137764
    }, {
      "x" : 0.0,
      "y" : -76.01315,
      "z" : -116.137764
    }, {
      "x" : -29.034441,
      "y" : -87.103325,
      "z" : -116.137764
    }, {
      "x" : -40.12461,
      "y" : -116.137764,
      "z" : -116.137764
    }, {
      "x" : -29.034441,
      "y" : -145.17221,
      "z" : -116.137764
    } ],
    "faces" : [ {
      "vertices" : [ 0, 1, 2 ]
    }, {
      "vertices" : [ 0, 2, 3 ]
    }, {
      "vertices" : [ 0, 3, 4 ]
    }, {
      "vertices" : [ 0, 4, 5 ]
    }, {
      "vertices" : [ 0, 5, 6 ]
    }, {
      "vertices" : [ 0, 6, 7 ]
    }, {
      "vertices" : [ 0, 7, 6 ]
    }, {
      "vertices" : [ 0, 6, 5 ]
    }, {
      "vertices" : [ 0, 5, 4 ]
    }, {
      "vertices" : [ 0, 4, 3 ]
    }, {
      "vertices" : [ 0, 3, 2 ]
    }, {
      "vertices" : [ 0, 2, 1 ]
    } ]
  }, {
    "id" : "9df82493-1660-433a-a665-e62949cfb0a0",
    "vertices" : [ {
      "x" : -105.0476,
      "y" : -185.29681,
      "z" : 0.0
    }, {
      "x" : -105.0476,
      "y" : -174.20665,
      "z" : -29.034441
    }, {
      "x" : -116.137764,
      "y" : -145.17221,
      "z" : -29.034441
    }, {
      "x" : -116.137764,
      "y" : -156.26237,
      "z" : 0.0
    } ],
    "faces" : [ {
      "vertices" : [ 0, 1, 2 ]
    }, {
      "vertices" : [ 0, 2, 3 ]
    }, {
      "vertices" : [ 0, 3, 2 ]
    }, {
      "vertices" : [ 0, 2, 1 ]
    } ]
  }, {
    "id" : "6153d4b6-cfd5-460d-a456-dfac02e8b92a",
    "vertices" : [ {
      "x" : -93.95743,
      "y" : -174.20665,
      "z" : -58.068882
    }, {
      "x" : -105.0476,
      "y" : -174.20665,
      "z" : -29.034441
    }, {
      "x" : -87.103325,
      "y" : -192.15092,
      "z" : -46.978714
    }, {
      "x" : -76.01315,
      "y" : -192.15092,
      "z" : -76.01315
    } ],
    "faces" : [ {
      "vertices" : [ 0, 1, 2 ]
    }, {
      "vertices" : [ 0, 2, 3 ]
    }, {
      "vertices" : [ 0, 3, 2 ]
    }, {
      "vertices" : [ 0, 2, 1 ]
    } ]
  }, {
    "id" : "5baceb36-4d17-41f6-a78b-06bdf884f15c",
    "vertices" : [ {
      "x" : -76.01315,
      "y" : -40.12461,
      "z" : -76.01315
    }, {
      "x" : -76.01315,
      "y" : -69.15905,
      "z" : -87.103325
    }, {
      "x" : -58.068882,
      "y" : -87.103325,
      "z" : -105.0476
    }, {
      "x" : -58.068882,
      "y" : -58.068882,
      "z" : -93.95743
    } ],
    "faces" : [ {
      "vertices" : [ 0, 1, 2 ]
    }, {
      "vertices" : [ 0, 2, 3 ]
    }, {
      "vertices" : [ 0, 3, 2 ]
    }, {
      "vertices" : [ 0, 2, 1 ]
    } ]
  }, {
    "id" : "c9ec559c-e9fb-496d-92b9-a95c48fb924b",
    "vertices" : [ {
      "x" : -76.01315,
      "y" : -40.12461,
      "z" : -76.01315
    }, {
      "x" : -87.103325,
      "y" : -40.12461,
      "z" : -46.978714
    }, {
      "x" : -105.0476,
      "y" : -58.068882,
      "z" : -29.034441
    }, {
      "x" : -93.95743,
      "y" : -58.068882,
      "z" : -58.068882
    } ],
    "faces" : [ {
      "vertices" : [ 0, 1, 2 ]
    }, {
      "vertices" : [ 0, 2, 3 ]
    }, {
      "vertices" : [ 0, 3, 2 ]
    }, {
      "vertices" : [ 0, 2, 1 ]
    } ]
  }, {
    "id" : "0b956dc0-d887-4538-9e27-dad4ee8d69e9",
    "vertices" : [ {
      "x" : 58.068882,
      "y" : -174.20665,
      "z" : -93.95743
    }, {
      "x" : 58.068882,
      "y" : -145.17221,
      "z" : -105.0476
    }, {
      "x" : 29.034441,
      "y" : -145.17221,
      "z" : -116.137764
    }, {
      "x" : 29.034441,
      "y" : -174.20665,
      "z" : -105.0476
    } ],
    "faces" : [ {
      "vertices" : [ 0, 1, 2 ]
    }, {
      "vertices" : [ 0, 2, 3 ]
    }, {
      "vertices" : [ 0, 3, 2 ]
    }, {
      "vertices" : [ 0, 2, 1 ]
    } ]
  }, {
    "id" : "7c02e653-dd44-4e79-a2a8-2f6ad5f6d166",
    "vertices" : [ {
      "x" : -69.15905,
      "y" : -221.18536,
      "z" : 0.0
    }, {
      "x" : -40.12461,
      "y" : -232.27553,
      "z" : 0.0
    }, {
      "x" : -29.034441,
      "y" : -232.27553,
      "z" : -29.034441
    }, {
      "x" : -58.068882,
      "y" : -221.18536,
      "z" : -29.034441
    } ],
    "faces" : [ {
      "vertices" : [ 0, 1, 2 ]
    }, {
      "vertices" : [ 0, 2, 3 ]
    }, {
      "vertices" : [ 0, 3, 2 ]
    }, {
      "vertices" : [ 0, 2, 1 ]
    } ]
  }, {
    "id" : "86e49038-3874-4eba-a768-d9a050780e14",
    "vertices" : [ {
      "x" : 76.01315,
      "y" : -40.12461,
      "z" : 76.01315
    }, {
      "x" : 58.068882,
      "y" : -58.068882,
      "z" : 93.95743
    }, {
      "x" : 29.034441,
      "y" : -58.068882,
      "z" : 105.0476
    }, {
      "x" : 46.978714,
      "y" : -40.12461,
      "z" : 87.103325
    } ],
    "faces" : [ {
      "vertices" : [ 0, 1, 2 ]
    }, {
      "vertices" : [ 0, 2, 3 ]
    }, {
      "vertices" : [ 0, 3, 2 ]
    }, {
      "vertices" : [ 0, 2, 1 ]
    } ]
  }, {
    "id" : "e4d5b5ec-5dfa-4b3e-8e69-0e13ce25b98b",
    "vertices" : [ {
      "x" : 105.0476,
      "y" : -145.17221,
      "z" : -58.068882
    }, {
      "x" : 116.137764,
      "y" : -145.17221,
      "z" : -29.034441
    }, {
      "x" : 116.137764,
      "y" : -116.137764,
      "z" : -40.12461
    }, {
      "x" : 105.0476,
      "y" : -116.137764,
      "z" : -69.15905
    } ],
    "faces" : [ {
      "vertices" : [ 0, 1, 2 ]
    }, {
      "vertices" : [ 0, 2, 3 ]
    }, {
      "vertices" : [ 0, 3, 2 ]
    }, {
      "vertices" : [ 0, 2, 1 ]
    } ]
  }, {
    "id" : "37738e5d-7bdd-42e8-a065-759ec39136cd",
    "vertices" : [ {
      "x" : -87.103325,
      "y" : -203.24109,
      "z" : 17.944271
    }, {
      "x" : -69.15905,
      "y" : -221.18536,
      "z" : 0.0
    }, {
      "x" : -87.103325,
      "y" : -203.24109,
      "z" : -17.944271
    }, {
      "x" : -105.0476,
      "y" : -185.29681,
      "z" : 0.0
    } ],
    "faces" : [ {
      "vertices" : [ 0, 1, 2 ]
    }, {
      "vertices" : [ 0, 2, 3 ]
    }, {
      "vertices" : [ 0, 3, 2 ]
    }, {
      "vertices" : [ 0, 2, 1 ]
    } ]
  }, {
    "id" : "eef8afc8-f338-48a6-ae48-60622de4c74c",
    "vertices" : [ {
      "x" : 69.15905,
      "y" : -116.137764,
      "z" : -105.0476
    }, {
      "x" : 58.068882,
      "y" : -87.103325,
      "z" : -105.0476
    }, {
      "x" : 29.034441,
      "y" : -87.103325,
      "z" : -116.137764
    }, {
      "x" : 40.12461,
      "y" : -116.137764,
      "z" : -116.137764
    } ],
    "faces" : [ {
      "vertices" : [ 0, 1, 2 ]
    }, {
      "vertices" : [ 0, 2, 3 ]
    }, {
      "vertices" : [ 0, 3, 2 ]
    }, {
      "vertices" : [ 0, 2, 1 ]
    } ]
  }, {
    "id" : "c790fd1c-f6e0-47e4-bc00-dfc8e8c99663",
    "vertices" : [ {
      "x" : -76.01315,
      "y" : -192.15092,
      "z" : 76.01315
    }, {
      "x" : -76.01315,
      "y" : -163.11649,
      "z" : 87.103325
    }, {
