{
  "field" : "sqrtPhi",
  "symmetry" : "icosahedral",
  "orientations" : [ [ 1.0, 0.0, 0.0, 0.0, 0.0, 1.0, 0.0, 0.0, 0.0, 0.0, 1.0, 0.0, 0.0, 0.0, 0.0, 1.0 ], [ 0.0, 0.0, 1.0, 0.0, 1.0, 0.0, 0.0, 0.0, 0.0, 1.0, 0.0, 0.0, 0.0, 0.0, 0.0, 1.0 ], [ 0.0, 1.0, 0.0, 0.0, 0.0, 0.0, 1.0, 0.0, 1.0, 0.0, 0.0, 0.0, 0.0, 0.0, 0.0, 1.0 ], [ 0.809017, 0.309017, 0.5, 0.0, 0.309017, 0.5, -0.809017, 0.0, -0.5, 0.809017, 0.309017, 0.0, 0.0, 0.0, 0.0, 1.0 ], [ -0.5, 0.809017, 0.309017, 0.0, 0.809017, 0.309017, 0.5, 0.0, 0.309017, 0.5, -0.809017, 0.0, 0.0, 0.0, 0.0, 1.0 ], [ 0.309017, 0.5, -0.809017, 0.0, -0.5, 0.809017, 0.309017, 0.0, 0.809017, 0.309017, 0.5, 0.0, 0.0, 0.0, 0.0, 1.0 ], [ 0.5, 0.809017, 0.309017, 0.0, 0.809017, -0.309017, -0.5, 0.0, -0.309017, 0.5, -0.809017, 0.0, 0.0, 0.0, 0.0, 1.0 ], [ -0.309017, 0.5, -0.809017, 0.0, 0.5, 0.809017, 0.309017, 0.0, 0.809017, -0.309017, -0.5, 0.0, 0.0, 0.0, 0.0, 1.0 ], [ 0.809017, -0.309017, -0.5, 0.0, -0.309017, 0.5, -0.809017, 0.0, 0.5, 0.809017, 0.309017, 0.0, 0.0, 0.0, 0.0, 1.0 ], [ 0.5, 0.809017, -0.309017, 0.0, 0.809017, -0.309017, 0.5, 0.0, 0.309017, -0.5, -0.809017, 0.0, 0.0, 0.0, 0.0, 1.0 ], [ 0.309017, -0.5, -0.809017, 0.0, 0.5, 0.809017, -0.309017, 0.0, 0.809017, -0.309017, 0.5, 0.0, 0.0, 0.0, 0.0, 1.0 ], [ 0.809017, -0.309017, 0.5, 0.0, 0.309017, -0.5, -0.809017, 0.0, 0.5, 0.809017, -0.309017, 0.0, 0.0, 0.0, 0.0, 1.0 ], [ 0.809017, 0.309017, -0.5, 0.0, 0.309017, 0.5, 0.809017, 0.0, 0.5, -0.809017, 0.309017, 0.0, 0.0, 0.0, 0.0, 1.0 ], [ 0.5, -0.809017, 0.309017, 0.0, 0.809017, 0.309017, -0.5, 0.0, 0.309017, 0.5, 0.809017, 0.0, 0.0, 0.0, 0.0, 1.0 ], [ 0.309017, 0.5, 0.809017, 0.0, 0.5, -0.809017, 0.309017, 0.0, 0.809017, 0.309017, -0.5, 0.0, 0.0, 0.0, 0.0, 1.0 ], [ 1.0, 0.0, 0.0, 0.0, 0.0, -1.0, 0.0, 0.0, 0.0, 0.0, -1.0, 0.0, 0.0, 0.0, 0.0, 1.0 ], [ 0.0, 0.0, 1.0, 0.0, -1.0, 0.0, 0.0, 0.0, 0.0, -1.0, 0.0, 0.0, 0.0, 0.0, 0.0, 1.0 ], [ 0.0, 1.0, 0.0, 0.0, 0.0, 0.0, -1.0, 0.0, -1.0, 0.0, 0.0, 0.0, 0.0, 0.0, 0.0, 1.0 ], [ 0.809017, 0.309017, 0.5, 0.0, -0.309017, -0.5, 0.809017, 0.0, 0.5, -0.809017, -0.309017, 0.0, 0.0, 0.0, 0.0, 1.0 ], [ -0.5, 0.809017, 0.309017, 0.0, -0.809017, -0.309017, -0.5, 0.0, -0.309017, -0.5, 0.809017, 0.0, 0.0, 0.0, 0.0, 1.0 ], [ 0.309017, 0.5, -0.809017, 0.0, 0.5, -0.809017, -0.309017, 0.0, -0.809017, -0.309017, -0.5, 0.0, 0.0, 0.0, 0.0, 1.0 ], [ 0.5, 0.809017, 0.309017, 0.0, -0.809017, 0.309017, 0.5, 0.0, 0.309017, -0.5, 0.809017, 0.0, 0.0, 0.0, 0.0, 1.0 ], [ -0.309017, 0.5, -0.809017, 0.0, -0.5, -0.809017, -0.309017, 0.0, -0.809017, 0.309017, 0.5, 0.0, 0.0, 0.0, 0.0, 1.0 ], [ 0.809017, -0.309017, -0.5, 0.0, 0.309017, -0.5, 0.809017, 0.0, -0.5, -0.809017, -0.309017, 0.0, 0.0, 0.0, 0.0, 1.0 ], [ 0.5, 0.809017, -0.309017, 0.0, -0.809017, 0.309017, -0.5, 0.0, -0.309017, 0.5, 0.809017, 0.0, 0.0, 0.0, 0.0, 1.0 ], [ 0.309017, -0.5, -0.809017, 0.0, -0.5, -0.809017, 0.309017, 0.0, -0.809017, 0.309017, -0.5, 0.0, 0.0, 0.0, 0.0, 1.0 ], [ 0.809017, -0.309017, 0.5, 0.0, -0.309017, 0.5, 0.809017, 0.0, -0.5, -0.809017, 0.309017, 0.0, 0.0, 0.0, 0.0, 1.0 ], [ 0.809017, 0.309017, -0.5, 0.0, -0.309017, -0.5, -0.809017, 0.0, -0.5, 0.809017, -0.309017, 0.0, 0.0, 0.0, 0.0, 1.0 ], [ 0.5, -0.809017, 0.309017, 0.0, -0.809017, -0.309017, 0.5, 0.0, -0.309017, -0.5, -0.809017, 0.0, 0.0, 0.0, 0.0, 1.0 ], [ 0.309017, 0.5, 0.809017, 0.0, -0.5, 0.809017, -0.309017, 0.0, -0.809017, -0.309017, 0.5, 0.0, 0.0, 0.0, 0.0, 1.0 ], [ -1.0, 0.0, 0.0, 0.0, 0.0, -1.0, 0.0, 0.0, 0.0, 0.0, 1.0, 0.0, 0.0, 0.0, 0.0, 1.0 ], [ 0.0, 0.0, -1.0, 0.0, -1.0, 0.0, 0.0, 0.0, 0.0, 1.0, 0.0, 0.0, 0.0, 0.0, 0.0, 1.0 ], [ 0.0, -1.0, 0.0, 0.0, 0.0, 0.0, -1.0, 0.0, 1.0, 0.0, 0.0, 0.0, 0.0, 0.0, 0.0, 1.0 ], [ -0.809017, -0.309017, -0.5, 0.0, -0.309017, -0.5, 0.809017, 0.0, -0.5, 0.809017, 0.309017, 0.0, 0.0, 0.0, 0.0, 1.0 ], [ 0.5, -0.809017, -0.309017, 0.0, -0.809017, -0.309017, -0.5, 0.0, 0.309017, 0.5, -0.809017, 0.0, 0.0, 0.0, 0.0, 1.0 ], [ -0.309017, -0.5, 0.809017, 0.0, 0.5, -0.809017, -0.309017, 0.0, 0.809017, 0.309017, 0.5, 0.0, 0.0, 0.0, 0.0, 1.0 ], [ -0.5, -0.809017, -0.309017, 0.0, -0.809017, 0.309017, 0.5, 0.0, -0.309017, 0.5, -0.809017, 0.0, 0.0, 0.0, 0.0, 1.0 ], [ 0.309017, -0.5, 0.809017, 0.0, -0.5, -0.809017, -0.309017, 0.0, 0.809017, -0.309017, -0.5, 0.0, 0.0, 0.0, 0.0, 1.0 ], [ -0.809017, 0.309017, 0.5, 0.0, 0.309017, -0.5, 0.809017, 0.0, 0.5, 0.809017, 0.309017, 0.0, 0.0, 0.0, 0.0, 1.0 ], [ -0.5, -0.809017, 0.309017, 0.0, -0.809017, 0.309017, -0.5, 0.0, 0.309017, -0.5, -0.809017, 0.0, 0.0, 0.0, 0.0, 1.0 ], [ -0.309017, 0.5, 0.809017, 0.0, -0.5, -0.809017, 0.309017, 0.0, 0.809017, -0.309017, 0.5, 0.0, 0.0, 0.0, 0.0, 1.0 ], [ -0.809017, 0.309017, -0.5, 0.0, -0.309017, 0.5, 0.809017, 0.0, 0.5, 0.809017, -0.309017, 0.0, 0.0, 0.0, 0.0, 1.0 ], [ -0.809017, -0.309017, 0.5, 0.0, -0.309017, -0.5, -0.809017, 0.0, 0.5, -0.809017, 0.309017, 0.0, 0.0, 0.0, 0.0, 1.0 ], [ -0.5, 0.809017, -0.309017, 0.0, -0.809017, -0.309017, 0.5, 0.0, 0.309017, 0.5, 0.809017, 0.0, 0.0, 0.0, 0.0, 1.0 ], [ -0.309017, -0.5, -0.809017, 0.0, -0.5, 0.809017, -0.309017, 0.0, 0.809017, 0.309017, -0.5, 0.0, 0.0, 0.0, 0.0, 1.0 ], [ -1.0, 0.0, 0.0, 0.0, 0.0, 1.0, 0.0, 0.0, 0.0, 0.0, -1.0, 0.0, 0.0, 0.0, 0.0, 1.0 ], [ 0.0, 0.0, -1.0, 0.0, 1.0, 0.0, 0.0, 0.0, 0.0, -1.0, 0.0, 0.0, 0.0, 0.0, 0.0, 1.0 ], [ 0.0, -1.0, 0.0, 0.0, 0.0, 0.0, 1.0, 0.0, -1.0, 0.0, 0.0, 0.0, 0.0, 0.0, 0.0, 1.0 ], [ -0.809017, -0.309017, -0.5, 0.0, 0.309017, 0.5, -0.809017, 0.0, 0.5, -0.809017, -0.309017, 0.0, 0.0, 0.0, 0.0, 1.0 ], [ 0.5, -0.809017, -0.309017, 0.0, 0.809017, 0.309017, 0.5, 0.0, -0.309017, -0.5, 0.809017, 0.0, 0.0, 0.0, 0.0, 1.0 ], [ -0.309017, -0.5, 0.809017, 0.0, -0.5, 0.809017, 0.309017, 0.0, -0.809017, -0.309017, -0.5, 0.0, 0.0, 0.0, 0.0, 1.0 ], [ -0.5, -0.809017, -0.309017, 0.0, 0.809017, -0.309017, -0.5, 0.0, 0.309017, -0.5, 0.809017, 0.0, 0.0, 0.0, 0.0, 1.0 ], [ 0.309017, -0.5, 0.809017, 0.0, 0.5, 0.809017, 0.309017, 0.0, -0.809017, 0.309017, 0.5, 0.0, 0.0, 0.0, 0.0, 1.0 ], [ -0.809017, 0.309017, 0.5, 0.0, -0.309017, 0.5, -0.809017, 0.0, -0.5, -0.809017, -0.309017, 0.0, 0.0, 0.0, 0.0, 1.0 ], [ -0.5, -0.809017, 0.309017, 0.0, 0.809017, -0.309017, 0.5, 0.0, -0.309017, 0.5, 0.809017, 0.0, 0.0, 0.0, 0.0, 1.0 ], [ -0.309017, 0.5, 0.809017, 0.0, 0.5, 0.809017, -0.309017, 0.0, -0.809017, 0.309017, -0.5, 0.0, 0.0, 0.0, 0.0, 1.0 ], [ -0.809017, 0.309017, -0.5, 0.0, 0.309017, -0.5, -0.809017, 0.0, -0.5, -0.809017, 0.309017, 0.0, 0.0, 0.0, 0.0, 1.0 ], [ -0.809017, -0.309017, 0.5, 0.0, 0.309017, 0.5, 0.809017, 0.0, -0.5, 0.809017, -0.309017, 0.0, 0.0, 0.0, 0.0, 1.0 ], [ -0.5, 0.809017, -0.309017, 0.0, 0.809017, 0.309017, -0.5, 0.0, -0.309017, -0.5, -0.809017, 0.0, 0.0, 0.0, 0.0, 1.0 ], [ -0.309017, -0.5, -0.809017, 0.0, 0.5, -0.809017, 0.309017, 0.0, -0.809017, -0.309017, 0.5, 0.0, 0.0, 0.0, 0.0, 1.0 ] ],
  "lights" : {
    "ambientColor" : "#292929",
    "backgroundColor" : "#AFC8DC",
    "directionalLights" : [ {
      "direction" : {
        "x" : 1.0,
        "y" : -1.0,
        "z" : -1.0
      },
      "color" : "#EBEBE4"
    }, {
      "direction" : {
        "x" : -1.0,
        "y" : 0.0,
        "z" : 0.0
      },
      "color" : "#E4E4EB"
    }, {
      "direction" : {
        "x" : 0.0,
        "y" : 0.0,
        "z" : -1.0
      },
      "color" : "#1E1E1E"
    } ]
  },
  "camera" : {
    "perspective" : true,
    "viewDistance" : 94.52643,
    "nearClipDistance" : 0.23631601,
    "farClipDistance" : 189.0526,
    "lookAtPoint" : {
      "x" : -5.388362,
      "y" : 3.3301907,
      "z" : 6.854102
    },
    "fieldOfView" : 0.44262886,
    "lookDirection" : {
      "x" : -0.7159379,
      "y" : -0.56821775,
      "z" : -0.40565145
    },
    "upDirection" : {
      "x" : -0.06552738,
      "y" : 0.6331589,
      "z" : -0.77123713
    },
    "width" : 42.536892,
    "stereo" : false,
    "position" : {
      "x" : 62.286694,
      "y" : 57.041786,
      "z" : 45.198887
    }
  },
  "embedding" : [ 1.0, 0.0, 0.0, 0.0, 0.0, 1.0, 0.0, 0.0, 0.0, 0.0, 1.0, 0.0, 0.0, 0.0, 0.0, 1.0 ],
  "shapes" : [ {
    "id" : "62f385fe-9264-4c09-85bc-dafbe9ce7ec7",
    "vertices" : [ {
      "x" : 0.3465678,
      "y" : 0.21419069,
      "z" : 0.0
    }, {
      "x" : 1.0806102,
      "y" : 0.28037924,
      "z" : -0.107095346
    }, {
      "x" : 1.0144217,
      "y" : 0.3874746,
      "z" : 0.28037924
    }, {
      "x" : 0.9073263,
      "y" : 0.5607585,
      "z" : -0.3465678
    }, {
      "x" : 0.800231,
      "y" : 0.7340424,
      "z" : 0.28037924
    }, {
      "x" : 0.7340424,
      "y" : 0.84113777,
      "z" : -0.107095346
    }, {
      "x" : 10.042681,
      "y" : 5.8192434,
      "z" : -0.107095346
    }, {
      "x" : 9.976493,
      "y" : 5.926339,
      "z" : 0.28037924
    }, {
      "x" : 9.869397,
      "y" : 6.0996227,
      "z" : -0.3465678
    }, {
      "x" : 9.762301,
      "y" : 6.272907,
      "z" : 0.28037924
    }, {
      "x" : 9.696114,
      "y" : 6.380002,
      "z" : -0.107095346
    }, {
      "x" : 10.430156,
      "y" : 6.446191,
      "z" : 0.0
    }, {
      "x" : 10.776724,
      "y" : 6.6603813,
      "z" : 0.0
    } ],
    "faces" : [ {
      "vertices" : [ 0, 1, 2 ]
    }, {
      "vertices" : [ 0, 3, 1 ]
    }, {
      "vertices" : [ 0, 2, 4 ]
    }, {
      "vertices" : [ 0, 5, 3 ]
    }, {
      "vertices" : [ 0, 4, 5 ]
    }, {
      "vertices" : [ 1, 6, 7 ]
    }, {
      "vertices" : [ 1, 7, 2 ]
    }, {
      "vertices" : [ 1, 3, 8 ]
    }, {
      "vertices" : [ 1, 8, 6 ]
    }, {
      "vertices" : [ 2, 7, 9 ]
    }, {
      "vertices" : [ 2, 9, 4 ]
    }, {
      "vertices" : [ 6, 11, 7 ]
    }, {
      "vertices" : [ 6, 8, 11 ]
    }, {
      "vertices" : [ 3, 5, 10 ]
    }, {
      "vertices" : [ 3, 10, 8 ]
    }, {
      "vertices" : [ 7, 11, 9 ]
    }, {
      "vertices" : [ 4, 9, 10 ]
    }, {
      "vertices" : [ 4, 10, 5 ]
    }, {
      "vertices" : [ 8, 10, 11 ]
    }, {
      "vertices" : [ 9, 11, 10 ]
    } ]
  }, {
    "id" : "7bfe5480-7796-4269-b31b-a64da86d6b94",
    "vertices" : [ {
      "x" : -0.3465678,
      "y" : -0.21419069,
      "z" : 0.0
    }, {
      "x" : -0.3465678,
      "y" : 0.21419069,
      "z" : 0.0
    }, {
      "x" : -0.21419069,
      "y" : 0.0,
      "z" : -0.3465678
    }, {
      "x" : -0.21419069,
      "y" : 0.0,
      "z" : 0.3465678
    }, {
      "x" : 0.0,
      "y" : -0.3465678,
      "z" : -0.21419069
    }, {
      "x" : 0.0,
      "y" : -0.3465678,
      "z" : 0.21419069
    }, {
      "x" : 0.0,
      "y" : 0.3465678,
      "z" : -0.21419069
    }, {
      "x" : 0.0,
      "y" : 0.3465678,
      "z" : 0.21419069
    }, {
      "x" : 0.21419069,
      "y" : 0.0,
      "z" : -0.3465678
    }, {
      "x" : 0.21419069,
      "y" : 0.0,
      "z" : 0.3465678
    }, {
      "x" : 0.3465678,
      "y" : -0.21419069,
      "z" : 0.0
    }, {
      "x" : 0.3465678,
      "y" : 0.21419069,
      "z" : 0.0
    } ],
    "faces" : [ {
      "vertices" : [ 0, 1, 2 ]
    }, {
      "vertices" : [ 0, 3, 1 ]
    }, {
      "vertices" : [ 0, 2, 4 ]
    }, {
      "vertices" : [ 0, 5, 3 ]
    }, {
      "vertices" : [ 0, 4, 5 ]
    }, {
      "vertices" : [ 1, 6, 2 ]
    }, {
      "vertices" : [ 1, 3, 7 ]
    }, {
      "vertices" : [ 1, 7, 6 ]
    }, {
      "vertices" : [ 2, 8, 4 ]
    }, {
      "vertices" : [ 2, 6, 8 ]
    }, {
      "vertices" : [ 3, 5, 9 ]
    }, {
      "vertices" : [ 3, 9, 7 ]
    }, {
      "vertices" : [ 4, 10, 5 ]
    }, {
      "vertices" : [ 4, 8, 10 ]
    }, {
      "vertices" : [ 5, 10, 9 ]
    }, {
      "vertices" : [ 6, 7, 11 ]
    }, {
      "vertices" : [ 6, 11, 8 ]
    }, {
      "vertices" : [ 7, 9, 11 ]
    }, {
      "vertices" : [ 8, 11, 10 ]
    }, {
      "vertices" : [ 9, 10, 11 ]
    } ]
  }, {
    "id" : "9b40e684-0f11-4a3d-a1ad-b62121c5533a",
    "vertices" : [ {
      "x" : 0.13333334,
      "y" : 6.1594224,
      "z" : 13.155446
    }, {
      "x" : -0.26666668,
      "y" : 6.2594223,
      "z" : 13.2554455
    }, {
      "x" : -0.13333334,
      "y" : 0.5009588,
      "z" : 0.55275804
    }, {
      "x" : 0.26666668,
      "y" : 0.4009588,
      "z" : 0.45275804
    }, {
      "x" : -0.13333334,
      "y" : 6.5594225,
      "z" : 13.022113
    }, {
      "x" : 0.26666668,
      "y" : 6.4594226,
      "z" : 12.922112
    }, {
      "x" : 0.13333334,
      "y" : 0.10095882,
      "z" : 0.68609136
    }, {
      "x" : -0.26666668,
      "y" : 0.20095882,
      "z" : 0.7860914
    } ],
    "faces" : [ {
      "vertices" : [ 2, 3, 6 ]
    }, {
      "vertices" : [ 2, 6, 7 ]
    }, {
      "vertices" : [ 0, 5, 4 ]
    }, {
      "vertices" : [ 0, 4, 1 ]
    }, {
      "vertices" : [ 2, 4, 5 ]
    }, {
      "vertices" : [ 2, 5, 3 ]
    }, {
      "vertices" : [ 0, 6, 3 ]
    }, {
      "vertices" : [ 0, 3, 5 ]
    }, {
      "vertices" : [ 0, 1, 7 ]
    }, {
      "vertices" : [ 0, 7, 6 ]
    }, {
      "vertices" : [ 1, 4, 2 ]
    }, {
      "vertices" : [ 1, 2, 7 ]
    } ]
  }, {
    "id" : "f71355c2-3930-4a72-af2b-7bee9bf2a5e3",
    "vertices" : [ {
      "x" : 0.42838138,
      "y" : 0.0,
      "z" : 0.0
    }, {
      "x" : 1.121517,
      "y" : -0.3465678,
      "z" : -0.21419069
    }, {
      "x" : 1.121517,
      "y" : -0.3465678,
      "z" : 0.21419069
    }, {
      "x" : 1.121517,
      "y" : 0.3465678,
      "z" : -0.21419069
    }, {
      "x" : 1.121517,
      "y" : 0.3465678,
      "z" : 0.21419069
    }, {
      "x" : 5.538864,
      "y" : -0.3465678,
      "z" : -0.21419069
    }, {
      "x" : 5.538864,
      "y" : -0.3465678,
      "z" : 0.21419069
    }, {
      "x" : 5.538864,
      "y" : 0.3465678,
      "z" : -0.21419069
    }, {
      "x" : 5.538864,
      "y" : 0.3465678,
      "z" : 0.21419069
    }, {
      "x" : 6.232,
      "y" : 0.0,
      "z" : 0.0
    }, {
      "x" : 6.6603813,
      "y" : 0.0,
      "z" : 0.0
    } ],
    "faces" : [ {
      "vertices" : [ 1, 3, 7 ]
    }, {
      "vertices" : [ 1, 7, 5 ]
    }, {
      "vertices" : [ 0, 1, 2 ]
    }, {
      "vertices" : [ 0, 3, 1 ]
    }, {
      "vertices" : [ 5, 9, 6 ]
    }, {
      "vertices" : [ 2, 6, 8 ]
    }, {
      "vertices" : [ 2, 8, 4 ]
    }, {
      "vertices" : [ 5, 7, 9 ]
    }, {
      "vertices" : [ 0, 2, 4 ]
    }, {
      "vertices" : [ 3, 4, 8 ]
    }, {
      "vertices" : [ 3, 8, 7 ]
    }, {
      "vertices" : [ 0, 4, 3 ]
    }, {
      "vertices" : [ 6, 9, 8 ]
    }, {
      "vertices" : [ 7, 8, 9 ]
    }, {
      "vertices" : [ 1, 5, 6 ]
    }, {
      "vertices" : [ 1, 6, 2 ]
    } ]
  }, {
    "id" : "ebfd1a0b-62b7-4b17-bb91-02e8ee6f960f",
    "vertices" : [ {
      "x" : 0.42838138,
      "y" : 0.0,
      "z" : 0.0
    }, {
      "x" : 1.121517,
      "y" : -0.3465678,
      "z" : -0.21419069
    }, {
      "x" : 1.121517,
      "y" : -0.3465678,
      "z" : 0.21419069
    }, {
      "x" : 1.121517,
      "y" : 0.3465678,
      "z" : -0.21419069
    }, {
      "x" : 1.121517,
      "y" : 0.3465678,
      "z" : 0.21419069
    }, {
      "x" : 12.586687,
      "y" : -0.3465678,
      "z" : -0.21419069
    }, {
      "x" : 12.586687,
      "y" : -0.3465678,
      "z" : 0.21419069
    }, {
      "x" : 12.586687,
      "y" : 0.3465678,
      "z" : -0.21419069
    }, {
      "x" : 12.586687,
      "y" : 0.3465678,
      "z" : 0.21419069
    }, {
      "x" : 13.279822,
      "y" : 0.0,
      "z" : 0.0
    }, {
      "x" : 13.708204,
      "y" : 0.0,
      "z" : 0.0
    } ],
    "faces" : [ {
      "vertices" : [ 1, 3, 7 ]
    }, {
      "vertices" : [ 1, 7, 5 ]
    }, {
      "vertices" : [ 0, 1, 2 ]
    }, {
      "vertices" : [ 0, 3, 1 ]
    }, {
      "vertices" : [ 5, 9, 6 ]
    }, {
      "vertices" : [ 2, 6, 8 ]
    }, {
      "vertices" : [ 2, 8, 4 ]
    }, {
      "vertices" : [ 5, 7, 9 ]
    }, {
      "vertices" : [ 0, 2, 4 ]
    }, {
      "vertices" : [ 3, 4, 8 ]
    }, {
      "vertices" : [ 3, 8, 7 ]
    }, {
      "vertices" : [ 0, 4, 3 ]
    }, {
      "vertices" : [ 6, 9, 8 ]
    }, {
      "vertices" : [ 7, 8, 9 ]
    }, {
      "vertices" : [ 1, 5, 6 ]
    }, {
      "vertices" : [ 1, 6, 2 ]
    } ]
  }, {
    "id" : "9b7b9929-5486-4477-a37e-369112e98c7c",
    "vertices" : [ {
      "x" : 0.42838138,
      "y" : 0.0,
      "z" : 0.0
    }, {
      "x" : 1.121517,
      "y" : -0.3465678,
      "z" : -0.21419069
    }, {
      "x" : 1.121517,
      "y" : -0.3465678,
      "z" : 0.21419069
    }, {
      "x" : 1.121517,
      "y" : 0.3465678,
      "z" : -0.21419069
    }, {
      "x" : 1.121517,
      "y" : 0.3465678,
      "z" : 0.21419069
    }, {
      "x" : 9.655207,
      "y" : -0.3465678,
      "z" : -0.21419069
    }, {
      "x" : 9.655207,
      "y" : -0.3465678,
      "z" : 0.21419069
    }, {
      "x" : 9.655207,
      "y" : 0.3465678,
      "z" : -0.21419069
    }, {
      "x" : 9.655207,
      "y" : 0.3465678,
      "z" : 0.21419069
    }, {
      "x" : 10.348342,
      "y" : 0.0,
      "z" : 0.0
    }, {
      "x" : 10.776724,
      "y" : 0.0,
      "z" : 0.0
    } ],
    "faces" : [ {
      "vertices" : [ 1, 3, 7 ]
    }, {
      "vertices" : [ 1, 7, 5 ]
    }, {
      "vertices" : [ 0, 1, 2 ]
    }, {
      "vertices" : [ 0, 3, 1 ]
    }, {
      "vertices" : [ 5, 9, 6 ]
    }, {
      "vertices" : [ 2, 6, 8 ]
    }, {
      "vertices" : [ 2, 8, 4 ]
    }, {
      "vertices" : [ 5, 7, 9 ]
    }, {
      "vertices" : [ 0, 2, 4 ]
    }, {
      "vertices" : [ 3, 4, 8 ]
    }, {
      "vertices" : [ 3, 8, 7 ]
    }, {
      "vertices" : [ 0, 4, 3 ]
    }, {
      "vertices" : [ 6, 9, 8 ]
    }, {
      "vertices" : [ 7, 8, 9 ]
    }, {
      "vertices" : [ 1, 5, 6 ]
    }, {
      "vertices" : [ 1, 6, 2 ]
    } ]
  }, {
    "id" : "342ac3d7-d5fc-49f4-b7a6-d7234e5d576a",
    "vertices" : [ {
      "x" : 10.249377,
      "y" : -0.26666668,
      "z" : 13.331278
    }, {
      "x" : 10.149378,
      "y" : 0.13333334,
      "z" : 13.231278
    }, {
      "x" : 0.52734596,
      "y" : 0.26666668,
      "z" : 0.37692577
    }, {
      "x" : 0.6273459,
      "y" : -0.13333334,
      "z" : 0.47692576
    }, {
      "x" : 10.449377,
      "y" : 0.26666668,
      "z" : 12.997945
    }, {
      "x" : 10.549377,
      "y" : -0.13333334,
      "z" : 13.097945
    }, {
      "x" : 0.32734594,
      "y" : -0.26666668,
      "z" : 0.7102591
    }, {
      "x" : 0.22734594,
      "y" : 0.13333334,
      "z" : 0.6102591
    } ],
    "faces" : [ {
      "vertices" : [ 2, 3, 6 ]
    }, {
      "vertices" : [ 2, 6, 7 ]
    }, {
      "vertices" : [ 0, 5, 4 ]
    }, {
      "vertices" : [ 0, 4, 1 ]
    }, {
      "vertices" : [ 2, 4, 5 ]
    }, {
      "vertices" : [ 2, 5, 3 ]
    }, {
      "vertices" : [ 0, 6, 3 ]
    }, {
      "vertices" : [ 0, 3, 5 ]
    }, {
      "vertices" : [ 0, 1, 7 ]
    }, {
      "vertices" : [ 0, 7, 6 ]
    }, {
      "vertices" : [ 1, 4, 2 ]
    }, {
      "vertices" : [ 1, 2, 7 ]
    } ]
  } ],
  "instances" : [ {
    "shape" : "62f385fe-9264-4c09-85bc-dafbe9ce7ec7",
    "color" : "#AF0000",
    "position" : {
      "x" : -10.776724,
      "y" : 0.0,
      "z" : 0.0
    },
    "orientation" : 0
  }, {
    "shape" : "7bfe5480-7796-4269-b31b-a64da86d6b94",
    "color" : "#FFFFFF",
    "position" : {
      "x" : 0.0,
      "y" : 6.6603813,
      "z" : 13.708204
    }
  }, {
    "shape" : "9b40e684-0f11-4a3d-a1ad-b62121c5533a",
    "color" : "#339900",
    "position" : {
      "x" : -10.776724,
      "y" : 0.0,
      "z" : 0.0
    },
    "orientation" : 0
  }, {
    "shape" : "7bfe5480-7796-4269-b31b-a64da86d6b94",
    "color" : "#FFFFFF",
    "position" : {
      "x" : -10.776724,
      "y" : 0.0,
      "z" : 0.0
    }
  }, {
    "shape" : "62f385fe-9264-4c09-85bc-dafbe9ce7ec7",
    "color" : "#AF0000",
    "position" : {
      "x" : -10.776724,
      "y" : 6.6603813,
      "z" : 13.708204
    },
    "orientation" : 15
  }, {
    "shape" : "f71355c2-3930-4a72-af2b-7bee9bf2a5e3",
    "color" : "#007695",
    "position" : {
      "x" : -10.776724,
      "y" : 6.6603813,
      "z" : 13.708204
    },
    "orientation" : 16
  }, {
    "shape" : "9b40e684-0f11-4a3d-a1ad-b62121c5533a",
    "color" : "#339900",
    "position" : {
      "x" : 0.0,
      "y" : 6.6603813,
      "z" : 0.0
    },
    "orientation" : 30
  }, {
    "shape" : "ebfd1a0b-62b7-4b17-bb91-02e8ee6f960f",
    "color" : "#007695",
    "position" : {
      "x" : 0.0,
      "y" : 0.0,
      "z" : 0.0
    },
    "orientation" : 2
  }, {
    "shape" : "9b7b9929-5486-4477-a37e-369112e98c7c",
    "color" : "#007695",
    "position" : {
      "x" : 0.0,
      "y" : 6.6603813,
      "z" : 13.708204
    },
    "orientation" : 45
  }, {
    "shape" : "ebfd1a0b-62b7-4b17-bb91-02e8ee6f960f",
    "color" : "#007695",
    "position" : {
      "x" : -10.776724,
      "y" : 6.6603813,
      "z" : 0.0
    },
    "orientation" : 2
  }, {
    "shape" : "342ac3d7-d5fc-49f4-b7a6-d7234e5d576a",
    "color" : "#009999",
    "position" : {
      "x" : 0.0,
      "y" : 6.6603813,
      "z" : 0.0
    },
    "orientation" : 30
  }, {
    "shape" : "7bfe5480-7796-4269-b31b-a64da86d6b94",
    "color" : "#FFFFFF",
    "position" : {
      "x" : -10.776724,
      "y" : 0.0,
      "z" : 13.708204
    }
  }, {
    "shape" : "7bfe5480-7796-4269-b31b-a64da86d6b94",
    "color" : "#FFFFFF",
    "position" : {
      "x" : 0.0,
      "y" : 0.0,
      "z" : 13.708204
    }
  }, {
    "shape" : "7bfe5480-7796-4269-b31b-a64da86d6b94",
    "color" : "#FFFFFF",
    "position" : {
      "x" : -10.776724,
      "y" : 6.6603813,
      "z" : 0.0
    }
  }, {
    "shape" : "ebfd1a0b-62b7-4b17-bb91-02e8ee6f960f",
    "color" : "#007695",
    "position" : {
      "x" : -10.776724,
      "y" : 0.0,
      "z" : 0.0
    },
    "orientation" : 2
  }, {
    "shape" : "342ac3d7-d5fc-49f4-b7a6-d7234e5d576a",
    "color" : "#009999",
    "position" : {
      "x" : -10.776724,
      "y" : 0.0,
      "z" : 0.0
    },
    "orientation" : 0
  }, {
    "shape" : "9b7b9929-5486-4477-a37e-369112e98c7c",
    "color" : "#007695",
    "position" : {
      "x" : 0.0,
      "y" : 0.0,
      "z" : 0.0
    },
    "orientation" : 45
  }, {
    "shape" : "f71355c2-3930-4a72-af2b-7bee9bf2a5e3",
    "color" : "#007695",
    "position" : {
      "x" : 0.0,
      "y" : 0.0,
      "z" : 0.0
    },
    "orientation" : 1
  }, {
    "shape" : "7bfe5480-7796-4269-b31b-a64da86d6b94",
    "color" : "#FFFFFF",
    "position" : {
      "x" : -10.776724,
      "y" : 6.6603813,
      "z" : 13.708204
    }
  }, {
    "shape" : "f71355c2-3930-4a72-af2b-7bee9bf2a5e3",
    "color" : "#007695",
    "position" : {
      "x" : 0.0,
      "y" : 0.0,
      "z" : 13.708204
    },
    "orientation" : 1
  }, {
    "shape" : "7bfe5480-7796-4269-b31b-a64da86d6b94",
    "color" : "#FFFFFF",
    "position" : {
      "x" : 0.0,
      "y" : 6.6603813,
      "z" : 0.0
    }
  }, {
    "shape" : "9b7b9929-5486-4477-a37e-369112e98c7c",
    "color" : "#007695",
    "position" : {
      "x" : -10.776724,
      "y" : 0.0,
      "z" : 13.708204
    },
    "orientation" : 0
  }, {
    "shape" : "ebfd1a0b-62b7-4b17-bb91-02e8ee6f960f",
    "color" : "#007695",
    "position" : {
      "x" : 0.0,
      "y" : 6.6603813,
      "z" : 0.0
    },
    "orientation" : 2
  }, {
    "shape" : "7bfe5480-7796-4269-b31b-a64da86d6b94",
    "color" : "#FFFFFF",
    "position" : {
      "x" : 0.0,
      "y" : 0.0,
      "z" : 0.0
    }
  }, {
    "shape" : "f71355c2-3930-4a72-af2b-7bee9bf2a5e3",
    "color" : "#007695",
    "position" : {
      "x" : -10.776724,
      "y" : 0.0,
      "z" : 0.0
    },
    "orientation" : 1
  }, {
    "shape" : "9b7b9929-5486-4477-a37e-369112e98c7c",
    "color" : "#007695",
    "position" : {
      "x" : -10.776724,
      "y" : 6.6603813,
      "z" : 0.0
    },
    "orientation" : 0
  } ]
}